>MA0017.1 NR2F1
A [  0   1  12   6   0   0   0   1   2   6   6   1   3   0]
C [  0   0   0   7  13   3   2   0   0   4   5  10   6   3]
G [  2  12   1   0   0   0   0   0  11   3   1   1   0   3]
T [ 11   0   0   0   0  10  11  12   0   0   1   1   4   7]
>MA0018.1 CREB1
A [  0   3   0   2   5   0   0  16   0   0   1   5]
C [  7   5   3   3   1   0   0   0  16   0   5   6]
G [  5   4   6  11   7   0  15   0   0  16   0   3]
T [  4   4   7   0   3  16   1   0   0   0  10   2]
>MA0024.1 E2F1
A [  0   0   0   0   0   0   0   0]
C [  0   0   0   4   2  10   0   9]
G [  0   0   0   6   8   0  10   1]
T [ 10  10  10   0   0   0   0   0]
>MA0029.1 Mecom
A [ 14  20   0  27   1  27  26   0  27   0  24  23   6  15]
C [  2   1   1   0  10   0   0   0   0   3   1   0   7   6]
G [  6   2  25   0   0   0   1  27   0   0   0   4   7   3]
T [  5   4   1   0  16   0   0   0   0  24   2   0   7   3]
>MA0058.1 MAX
A [  6  11   5   0  16   0   1   0   0   6]
C [  1   1   7  17   1  17   0   0   0   3]
G [  6   5   1   0   0   0  16   0  17   5]
T [  4   0   4   0   0   0   0  17   0   3]
>MA0070.1 PBX1
A [  5   3  16   1   0  17  17   0   0  16  12   8]
C [  6   9   1   1  18   1   0   0  18   1   0   2]
G [  2   3   1   0   0   0   0   1   0   0   1   2]
T [  5   3   0  16   0   0   1  17   0   1   5   6]
>MA0075.1 Prrx2
A [ 52  59   0   0  58]
C [  2   0   0   0   0]
G [  4   0   1   0   1]
T [  1   0  58  59   0]
>MA0089.1 MAFG::NFE2L1
A [  7  29   0   1  34   0]
C [ 11   2   0   0   0  26]
G [ 10   3   0  32   0   2]
T [  6   0  34   1   0   6]
>MA0090.1 TEAD1
A [  1   9   0  12   0   0   0   0   5   1   2   0]
C [  6   0  12   0   0   0  12  11   0   7   4   2]
G [  1   3   0   0   0   0   0   0   0   4   3   8]
T [  4   0   0   0  12  12   0   1   7   0   3   2]
>MA0093.1 USF1
A [  0  30   0   1   0   0   9]
C [ 30   0  28   0   1   0   2]
G [  0   0   0  29   1  30  14]
T [  0   0   2   0  28   0   5]
>MA0095.1 YY1
A [  6   0   0  17   0   3]
C [  1  16  17   0   0   8]
G [  7   0   0   0   0   3]
T [  3   1   0   0  17   3]
>MA0103.1 ZEB1
A [  1  38   0   0   0  10]
C [ 34   0  40  38   1   1]
G [  1   2   1   3   0  16]
T [  5   1   0   0  40  14]
>MA0104.1 Mycn
A [  0  29   0   2   0   0]
C [ 31   0  30   1   3   0]
G [  0   0   0  28   0  31]
T [  0   2   1   0  28   0]
>MA0108.1 TBP
A [ 61  16 352   3 354 268 360 222 155  56  83  82  82  68  77]
C [145  46   0  10   0   0   3   2  44 135 147 127 118 107 101]
G [152  18   2   2   5   0  10  44 157 150 128 128 128 139 140]
T [ 31 309  35 374  30 121   6 121  33  48  31  52  61  75  71]
>MA0108.2 TBP
A [ 61  16 352   3 354 268 360 222 155  56  83  82  82  68  77]
C [145  46   0  10   0   0   3   2  44 135 147 127 118 107 101]
G [152  18   2   2   5   0  20  44 157 150 128 128 128 139 140]
T [ 31 309  35 374  30 121   6 121  33  48  31  52  61  75  71]
>MA0138.1 REST
A [  1   7   1   0   0   1   0   0   0  11   5   2   0   1   0   0   0   1  15]
C [  2   9   3  22   1   4   0  19  21   3   1   0   1   0   3  21   1   1   1]
G [ 15   1  15   0   0  17   2   1   0   5   3  20  21   1  16   0   0  20   5]
T [  4   5   3   0  21   0  20   2   1   3  13   0   0  20   3   1  21   0   1]
>MA0139.1 CTCF
A [ 87 167 281  56   8 744  40 107 851   5 333  54  12  56 104 372  82 117 402]
C [291 145  49 800 903  13 528 433  11   0   3  12   0   8 733  13 482 322 181]
G [ 76 414 449  21   0  65 334  48  32 903 566 504 890 775   5 507 307  73 266]
T [459 187 134  36   2  91  11 324  18   3   9 341   8  71  67  17  37 396  59]
>MA0138.2 REST
A [211  58  76 1452  34 122 1575   3  35 913 219  39  20 1406  13 1574  42 205 366 213 179]
C [174 269 1366  30  44 978   7 1586 1481 201 375   7   5 112 1280   9  13 1007  31 933 1114]
G [366 146  50  94 1516 323  12  12  20 162 124 1551 1577  34 233   7 1530 183 688 319  37]
T [840 1124 105  26  10 182  12   5  70 329 886   7   2  51  74  10   9 198 507 125 260]
>MA0104.2 Mycn
A [153  39   7 414   0  31  24   0  27  61]
C [159 170 431   0 421   1  97   0  49 265]
G [ 63 196   0  18   8 405   2 411 324  40]
T [ 63  33   0   6   9   1 315  27  38  72]
>MA0151.1 Arid3a
A [ 27   0   1  27  27  20]
C [  0   0   9   0   0   0]
G [  0   0   0   0   0   1]
T [  0  27  17   0   0   6]
>MA0158.1 HOXA5
A [  2   7   0   6  14  14   0   0]
C [ 13   0   7   0   0   0   0   1]
G [  0   5   5   1   0   2   0   6]
T [  0   4   4   9   2   0  16   9]
>MA0018.2 CREB1
A [  0   0  11   0   1   0   2   8]
C [  1   1   0   9   0   3   7   0]
G [  1  10   0   2  10   0   1   1]
T [  9   0   0   0   0   8   1   2]
>MA0469.1 E2F3
A [  0   0   0   0   0   0   0   0 365 275 196 811 109 441 305]
C [1400   0 2549 2469 2549   0 2549 1703 1327 903 1495 329 1075 640 718]
G [  0   0   0  80   0 2240   0 607 397 742 556 512 582 200 644]
T [1149 2549   0   0   0 309   0 239 460 629 302 274 160 645 259]
>MA0470.1 E2F4
A [272 155   0   0   0  27  15 1803 1253 712 503]
C [370 510  11 1878   0 218  41   0   0 349 393]
G [848 1213 1867   0 1878 1633 1822  75 625 720 616]
T [388   0   0   0   0   0   0   0   0  97 366]
>MA0471.1 E2F6
A [812 442   0 672   7   0  20 2757 1686 988 771]
C [ 80 406   0 1954   0   0  29   0   0 454 706]
G [1406 1909 2757   0 2750 2757 2708   0 1071 1135 909]
T [459   0   0 131   0   0   0   0   0 180 371]
>MA0486.1 HSF1
A [ 25   8   3   1   4 128   0 187 186  44  39  13   8   0   6]
C [ 82  26  11 222  71   7   0  24   6  63  62  16   5 218  88]
G [ 56  12   8   2   6  89 225   3  15  73  67   9   4   2  18]
T [ 62 179 203   0 144   1   0  11  18  45  57 187 208   5 113]
>MA0491.1 JUND
A [12389 15163   0   0 38710   0   0 1547 38710   0 5786]
C [759 4824   0   0   0 22857   0 37163   0 5136 14956]
G [13640 18723   0 38710   0 14078   0   0   0 2301 12429]
T [11922   0 38710   0   0 1775 38710   0   0 31273 5539]
>MA0492.1 JUND
A [11448 13436 11261 13616 25347   0   0 33631   0 5124   0 8793 33631 267 10255]
C [4326 3228 4836 2452 169   0   0   0 10406 1824 3935 24697   0 5470 10841]
G [7996 8721 8110 15761 8115   0 33511   0 8287 26683   0 141   0 2407 6351]
T [9861 8246 9424 1802   0 33631 120   0 14938   0 29696   0   0 25487 6184]
>MA0498.1 Meis1
A [1341 171 121   0   0  85   0 2458 261 334 175 1059 515 472 529]
C [122 759 2411   0   0  50 2607   0 1115 537 1472 547 802 1007 736]
G [499 1414   3   0 2607   0   0   0 1075 263 494 145 696 536 480]
T [645 263  72 2607   0 2472   0 149 156 1473 466 856 594 592 862]
>MA0502.1 NFYB
A [2965 2816 2821 655 674 2832 3509   0   0 7020 7003   0 413 5454 725]
C [1580 1759 1760 2228 2076 1091 139 7020 7020   0   0   0 4780  97 943]
G [1984 1078 1176 1089 2707 2978 2921   0   0   0  17   0 1709 1457 5136]
T [491 1367 1263 3048 1563 119 451   0   0   0   0 7020 118  12 216]
>MA0506.1 NRF1
A [602 623 196   0 1514   0   0   0   0  74 2245]
C [375 4001 189 4016 1862 403   0 4338 349 4550 804]
G [3647   0 4239 468 935 528 4624   0 4275   0 1575]
T [  0   0   0 140 313 3693   0 286   0   0   0]
>MA0521.1 Tcf12
A [6170 8820   0 12895   8 184   0   0 1875 3912 2863]
C [1585 124 12895   0   0 10822   0   0 5527 2416 3005]
G [5123 3951   0   0 12887 1889   0 12895 3811 2925 4836]
T [ 17   0   0   0   0   0 12895   0 1682 3642 2191]
>MA0522.1 Tcf3
A [2717 8100   0 17261   0   0   0   0   0 6957 2351]
C [8489 6433 17261   0 4101 16850   0   0 12529 4204 4115]
G [4689 1756   0   0 12403 411   0 17261 3397  96 6625]
T [1366 972   0   0 757   0 17261   0 1335 6004 4170]
>MA0523.1 TCF7L2
A [1525 1808 3070  85 2795 138 155 4188 4103 4169 303 1035 1398 1782]
C [756 840 136 1947  26   0 3304   0  15   0  37 849 1123 826]
G [1140 1153 559 2008   0   0 729   0  70  19 3848 2008 1210 757]
T [767 387 423 148 1367 4050   0   0   0   0   0 296 457 823]
>MA0526.1 USF2
A [3976 1495   0 13819   0   0   0   0 10453   0 2184]
C [2073 4490 13819   0 4863   0   0   0 745 9929 6633]
G [7125 1909   0   0 1370 13819   0 13819 2568 729 455]
T [645 5925   0   0 7586   0 13819   0  53 3161 4547]
>MA0024.2 E2F1
A [259 218 144   0   0   0   0   0 1059 508 305]
C [317   0 274   0 1059   0 337 286   0   0 269]
G [280 628 641 1059   0 1059 722 773   0 551 485]
T [203 213   0   0   0   0   0   0   0   0   0]
>MA0058.2 MAX
A [12557 13557 5014   0 24565   0 19618   0   0 122]
C [741 1112 3587 24565   0 24565   0   0   0 2889]
G [8243 6781 12571   0   0   0 4947   0 24565 14194]
T [3024 3115 3393   0   0   0   0 24565   0 7360]
>MA0104.3 Mycn
A [528   0   0 1403   0 168   0   0]
C [146 1135 1403   0 1403   0   0   0]
G [566 268   0   0   0 1235   0 1403]
T [163   0   0   0   0   0 1403   0]
>MA0093.2 USF1
A [4846 1472  43 16573 188 1605   0   0 14762   0 1821]
C [3764 7448 16799   0 10279 595   0   0   0 13166 9926]
G [7162 2983   0   0 932 14642   0 16842 1375   0 1113]
T [1070 4939   0 269 5443   0 16842   0 705 3676 3982]
>MA0095.2 YY1
A [1126 6975 6741 2506 7171   0  11  13 812 867 899 1332]
C [4583   0  99 1117   0  12   0   0 5637 1681 875 4568]
G [801 181 268 3282   0   0 7160 7158  38 2765 4655 391]
T [661  15  63 266   0 7159   0   0 684 1858 742 880]
>MA0103.2 ZEB1
A [856   0 1197   0 3555   0   0   0   0]
C [1455 2991 333 3170   0 3555 3555   0   0]
G [830   0 431   0   0   0   0   0 3555]
T [414 564 1594 385   0   0   0 3555   0]
>MA0594.1 Hoxa9
A [ 34  12  38 161   0 101 157 171   5   7 131]
C [ 53 110 117   3   0  58   6   1   0 154  11]
G [ 81   5   0   8   0   8   0   0   1   0   0]
T [  4  45  17   0 172   5   9   0 166  11  30]
>MA0596.1 SREBF2
A [ 24   0   0  10   2   2   0   0  47   2]
C [  9   0   3   0  10   9   0   0   0  16]
G [ 14   0  44  37  27  36   0  47   0   2]
T [  0  47   0   0   8   0  47   0   0  27]
>MA0604.1 Atf1
A [462  24   0 1000   0   7  90 600]
C [ 86  16  22   0 1000   0 198 138]
G [387   0 803   0   0 993   0 163]
T [ 65 960 175   0   0   0 712 100]
>MA0606.1 NFAT5
A [371 176   0   0  89   0   0 831 124 268]
C [210  88   0   0  84 915 826  84 287 163]
G [210  88   0   0   0   0  85   0  41 248]
T [210 649 1000 1000 827  85  89  85 548 322]
>MA1099.1 Hes1
A [187 209  40 743  29 165 116  58 226 217]
C [258 299 875  33 833  41 470 113 302 384]
G [377 396  14 141  56 769  67 661 151 198]
T [178  96  71  82  82  26 348 168 321 200]
>MA0625.1 NFATC3
A [421 179 117  14   3  36   8 552 173 215]
C [ 93 181  40  10  23 933 959  39 251 211]
G [139 168  73   5   9   1  23 342 133 173]
T [348 472 770 971 966  30  10  67 443 400]
>MA0633.1 Twist2
A [302 282   0 1000   0 789   0   0  50 181]
C [200 580 1000   0 217   0   0   0  50 181]
G [298  69   0   0   0 211   0 1000 155 272]
T [200  69   0   0 783   0 1000   0 745 365]
>MA0634.1 ALX3
A [1251 987 794 7877 7877  76 697 7877 2597 2759]
C [2174 3402 3367 506 317  72 729 449 1671 2446]
G [1062 1150 345 885 141   8 239  87 2205 1503]
T [3390 2337 4510 629 231 7877 7877 977 1403 1168]
>MA0486.2 HSF1
A [ 64  11   9   4 1455   0 1455 1455  70 490  25   6   3]
C [ 18   4 1455 361 424   0   8   4 713 190   5   2 1455]
G [ 25  17   9 238 384 1455   2   4 159 592   0   4   3]
T [1455 1455   5 1455   3   0   7  27 515 183 1455 1455   4]
>MA0657.1 KLF13
A [1508 733 1891 496  75 2384   0  24   0   4   1 509   3 156 247 735 404 285]
C [248  46   0 923 924   0 1353   2 1596 1469 1760 1766 638 350 235 554 176 221]
G [915 796 4630  58   2  11   7 3028   0   0   0   0   3  54 270 841 483 1226]
T [590 1766  59 102  61   0   3   9   7   0  16  10 1403 2040 2968 2247 1672 560]
>MA0659.1 MAFG
A [2026 2191 1875 1426 347  35 546 405 306 3773 487 332 728 3845 141  14 3566 1550 1907 1866 1295]
C [552 320 579 824 1054  63 4775 480 161 215 2340  92 4731 110  21 5143  91 892 430 470 852]
G [881 479 526 1086 129 5729   9 133 5400  84 2637 386 201 506 5390 129 1135 752 676 427 575]
T [1134 1524 1643 1485 4653  15 156 4965 783 299 514 4924 341 396 510  59 375 1569 1646 1886 2092]
>MA0663.1 MLX
A [177   0   3 234   0   1   2   2 240  23]
C [  4  17 251   0 257   0   1   0   9  84]
G [110  61   3   6   0 558   1 555  35   6]
T [ 41 322   4   0   0   1 315   5  16 235]
>MA0666.1 MSX1
A [461  82 3073 3073   0  63 3073 855]
C [1324 2117 332 107   0 205 118 814]
G [787  33 139   0  31 251 105 945]
T [501 956  16   0 3073 3073  91 460]
>MA0677.1 Nr2f6
A [152 216  10  11   6  11 454 425 450   2   4   2   1 449]
C [ 68  11   7   8  18 523   6  11   2   2   1  10 614   7]
G [163 158 312 305  25  18   8  42  35 320 314  15  21  44]
T [ 55   6  21  24 385  56   8  35   0   5  16 419  59   7]
>MA0075.2 Prrx2
A [644 407 3849 3849  13 466 3849 1234]
C [1522 2052 361 232  22 504 198 878]
G [715 250 412 124  11 239  39 1035]
T [969 1797 298  70 3849 3849 400 702]
>MA0090.2 TEAD1
A [218 734 212 1132   0 265  29   0 621 280]
C [454 100 920  63  10  33 1132 1132 109 346]
G [147 398  21   0   4   0   2   1 206 138]
T [314  51  18  32 1132 867  24 291 511 367]
>MA0691.1 TFAP4
A [3423 2159   0 3423   2  21   1   0 1810 299]
C [500 546 3423   2  85 3423   1   1 114 682]
G [337  62   0   0 3423  49   0 3423 333 433]
T [228 1264   0   0  14   6 3423   0 1613 3423]
>MA0700.1 LHX2
A [16039 3769 633 48415 48415   0 259 48415 19244 7653]
C [10579 48415 15833 6090   0   0 1120  23 6815 16953]
G [15546 6413  67 288  63   0 2834 8137 15319 11964]
T [6251 8481 48415 621   0 48415 48415 520 7038 11845]
>MA0701.1 LHX9
A [283 125 1500 1500   0  71 1500 558]
C [569 779 290   0   0 131  28 221]
G [299   0  93   0   0 300 113 529]
T [349 720 142   0 1500 1500  72 191]
>MA0703.1 LMX1B
A [866 537 4101 4101 314 1349 4101 2104]
C [965 1414 306  60  11 410  94 662]
G [982 168 329  43  45 417  20 809]
T [1287 2687 448 182 4101 4101 489 525]
>MA0708.1 MSX2
A [517 105 3400 3400   0  52 3400 1198]
C [1688 2592 161  28   0 169  61 791]
G [835  44  67   0   0  72   0 892]
T [360 807  84   0 3400 3400  21 518]
>MA0716.1 PRRX1
A [4132 2373 23897 23897   0 1264 23897 9498]
C [9063 11122 1088 503   3 2302 644 4269]
G [4339 1121 1776 202   0 1004 136 6366]
T [6364 12775 810 209 23897 23897 1229 3765]
>MA0017.2 NR2F1
A [4802 7266 6333 8496   0   0   0   0 12059 5116 3229 3276 5681]
C [11446 1692 387   0  30   0   0 12059   0 3055 2966 2470 2912]
G [3276 1153 4869 3791 12059 12059   0   0  91 1618 4395 3886 36863]
T [3980 1948 469   0   0   0 12059   0   0 2270 1469 2427 3466]
>MA0728.1 Nr2F6
A [100 265   0   1   0   0 494 406 165 258   0   0   2   0 446]
C [ 16   0   0   0   0 667  30   4   0   0   0   0   0 678   0]
G [172  53 210 183   1   1   0   7  94   0 324 155   0   0   9]
T [  0   3   0   0 378  51   1   9  59   0   0   5 369   3   0]
>MA0729.1 RARA
A [250 507   0   1   0   2 528 526 526 522   0   0   3   0 540 539   2   0]
C [  1   1   0   0   5 707   0   0   0   5   0   0   0 705   0  36   0 115]
G [513  35 745 746   1  26   4  28   3   4 759 754   0   0   1  30 228 226]
T [  4   0   0  19 559   0   0 162  37   0   1 101 546   2   0 181 328 212]
>MA0730.1 RARA
A [1089   0   0   6  10 1391 301 213 147 972 1015 1126   2   1   8   4 1486]
C [ 24   0   2  11 1980  16 397 432 677 118  17  16   0   7  11 1923   3]
G [313 1488 1451  17   9  11  84 584 157 198 348 269 1455 1440  13  26  25]
T [  0   2  71 1143  21   2 581 223 502 228   7   1   4  35 1131  22  10]
>MA0738.1 HIC2
A [2606   0 494  23 435 1466 2493 770 760]
C [394 117 354 4891 4891 3425 710 2200 1732]
G [2285   0 4891  14   0   0 1290 1237 1001]
T [367 4891 151   0  59   0 399 684 1398]
>MA0746.1 SP3
A [4161 1642 674 4959 160 3108 142 179  78 3229 1508]
C [5583 6609 6609 1649 6609 463 6609 6609 6609 3380 6609]
G [6609 394 250 185  85 6609  38  53 123 175 1070]
T [2223 666 346 125 227 1720  81  59 1340 665 2636]
>MA0754.1 CUX1
A [4099 25659 25659  71  51 9580 25659 150 25659 8168]
C [4649 3296 109 294 25659 264  45  95 9420 7633]
G [2401 15550 192  77  53 16079  85  29 7560 3958]
T [25659 7605 167 25659 595 130 231 25659 7079 5900]
>MA0469.2 E2F3
A [1369 1917 2202 2309 2207 740  53   0   0   0   0  97 2024 1399 1093 437  74 287]
C [284  46   0   0   0   0 520   3 2490   3 2429 2411 653  30  10  24 429 712]
G [588 565  13   0  46 1453 3761 3871   0 3985   0 550   0  22  12  14 127 355]
T [399  36 234 184 466 1985 129   0   0   0   0  36 433 2424 2921 2843 2269 1504]
>MA0760.1 ERF
A [205   7  25   0   0 205 205  82   0  62]
C [  4 205 205   0   3   3   0  17  41  28]
G [ 33   8   6 205 205   3   0 205  11  92]
T [  3  34   0   0   0   2  30   0 205  22]
>MA0764.1 ETV4
A [1835 336 187   0   0 1835 1835 793 197 745]
C [239 1835 1835   9   0   0  60 221 656 265]
G [624 338  13 1835 1835   7  14 1835 282 483]
T [533  76   4   0  17   5 824  61 1835 343]
>MA0765.1 ETV5
A [4327 1001 407   0   0 4327 2526 1346 364 1227]
C [845 4327 4327   0   0  23 185 680 1556 851]
G [2062 1506  60 4327 4327  20  92 4327 545 1312]
T [1486 856  11  16  44  82 1800 193 2770 936]
>MA0768.1 LEF1
A [601 655 697   5 699   9  14 711 709 712  33 197 309 367 366]
C [139  26   7 242   0   3 935   0   0   0  24 184 164  63  95]
G [215 207  34 1053   4   0  49   0   4  13 1068 851 559  88  77]
T [138  63  14   3  15 898   5   4   0   4   0 124 121 372 422]
>MA0769.1 Tcf7
A [552 791 906   5 912   0  21 919 921 915  32 159]
C [ 68  31   4 277   2   5 1018   0   6   0   0 146]
G [117 144  27 744   4  18  28   5  10   0 846 600]
T [ 97 111  31   6  42 874  21   6   3   4   0  89]
>MA0770.1 HSF2
A [173  23  16   1 3187   2 3187 3187 170 999 142  45  89]
C [ 37   2 3187 710 565   0  49   1 1406 468  68  89 3187]
G [ 91  47   2 293 792 3187   4  23 630 1209  88  43 117]
T [3187 3187   0 3187   0   1  28 108 981 511 3187 3187 364]
>MA0498.2 MEIS1
A [23727 8690   0 77159   0 77159 17224]
C [18797 5575 1249 2903 77159   0 14864]
G [9714 3174 77159 672   0 9263 29965]
T [24921 77159   0   0 1155 3861 15106]
>MA0774.1 MEIS2
A [408  31   0 1351   9 1351  83 157]
C [264   3   0   3 1351   7  98 701]
G [314  40 1351  25   0   4 1351 650]
T [1351 1351   0  62   5   0  67  88]
>MA0777.1 MYBL2
A [785 1232  87 107   5   9   0 1232 1232 1232  14  57  82 228  40]
C [ 34 122 1232 1232   0   6   9  74  31  38 1232 418 123 466 655]
G [447 722  85 190 1232  24   0  77  16  28   6 467 1232  95  18]
T [ 41 464  39  30   1 1232 1232 561   4  79   4 289  95 766 577]
>MA0782.1 PKNOX1
A [ 94  23 17458  11 17768  22 810   5 352 191  19 17625]
C [234  95   6 18108   3   7 6611  35  13 101 17957  57]
G [ 73 22060 146   0  38 21059 7095  16 22141   9  69 193]
T [19207  13  22   8   7 1185  19 19248   6 18745  13 421]
>MA0785.1 POU2F1
A [5076 5351 756 10582 153 186 300 6932 10582 10582 1422 1976]
C [1938 1046 1347  12 501  82 10582  33 108  37 457 1840]
G [1494 2142 474  29 213 10582 1351  46 879  51 755 2504]
T [2075 5231 10582  43 10582 1326 3375 3651 787 158 10582 4262]
>MA0796.1 TGIF1
A [ 39   9 8828   1 8861  14 452   1  11  45  36 9034]
C [ 19   8   3 13304   5  20 10562  62  13  24 13485  17]
G [  1 13499  20   5  22 12673 2520   8 13261   3  13  32]
T [13221   4   0   7   4 963  12 12775   9 12656  17  33]
>MA0797.1 TGIF2
A [477  97 11801 127 11801 324 1501  71 150 601  70 11801]
C [421  48  34 11801  25 262 7459 410  77 621 11801 172]
G [153 11801 396  51 270 11801 4341  57 11801 123 136 395]
T [11801  52 155 156  41 2690  91 11801  83 11801 113 420]
>MA0801.1 MGA
A [30489 4310  16  12  14 1042 689 30489]
C [1151 3737 509 3534   1 3089 1753 110]
G [8873 30489 30489  96 30489 381 30489 920]
T [4160 1929 104 30489  11 30489 6465 274]
>MA0807.1 TBX5
A [1804 235   0  45  27 162 126 1804]
C [ 89 190   0 131   0 225 616  76]
G [409 1804 1804 166 1804 201 1804 343]
T [207 133  28 1804   0 1804 915 283]
>MA0058.3 MAX
A [3307 1915  39 6876   0 329  69   0 1341 1122]
C [1556 2809 6876   0 6876  39 159  27 2450 2225]
G [1295 1514   0  87   7 6876  20 6876 1638 986]
T [719 637   0  38 229  19 6876  36 1446 2543]
>MA0828.1 SREBF2
A [2898 385   7 3957   3  21  44   3 3957  20]
C [284 130 3957   2 3957 341 240  13   8 2114]
G [1059  16  16  75  82 3957   0 3957  39 104]
T [ 13 3957   1  12  11   0 3957   8 122 1843]
>MA0522.2 TCF3
A [2823 3423   0 7799   0   0  43  27 253 2066]
C [2123 1321 7799   5 7799 7799  35  21 3014 1393]
G [1014 2842   0   0 1251 465   7 7799 1978 2093]
T [1839 213   0  19 317   0 7799   5 2554 2247]
>MA0830.1 TCF4
A [4738 7822   6 20335   0  56 117  27 374 5305]
C [8284 2465 20335   0 20335 20335   0   5 7336 4812]
G [2128 9640   0   0 2315 387   0 20335 6324 4838]
T [5185 409  13   0 1334   0 20335  25 6301 5380]
>MA0833.1 ATF4
A [210 169 639   0  19 888   2   1  40 897 888   0 414]
C [ 71 117 202   0   0   0 372   0 838  21   3 266 272]
G [442 409 127   7 1090   0   9 1104  16   0   1  62 101]
T [170 213   3 981  11  25 470   4 113   3   4 714  78]
>MA0838.1 CEBPG
A [12768 183  46 8599 114 1390 534 20742 20742 159]
C [2441  99  18   2 20742 184 20742   0   0 8886]
G [5249 213 904 12143  30 20742  44  45  23 347]
T [284 20742 20742 292 449 381 1129  16  46 11855]
>MA0844.1 XBP1
A [4396 3270 1104 974 3699 167 7840   9  52   0 380 8004 230 989]
C [558 1017 1191 367 3809 7169  17 7356   0  16 7264  48 2273 6313]
G [801 2413 2669 9168  59 222 276   2 11353   8  47 173 3157 1217]
T [2467 1780 3999 2321 247 442 118  10  10 9107  35  92 6389 1250]
>MA0853.1 Alx4
A [ 16  10  19  40   2   1  99  98   1   0  92  62  17  29  36  23  12]
C [ 59  24  44  15  34   8   1   0   1   1   0   1  23  28  23  29  43]
G [ 15  56  16  29   1   0   1   1   0   1   8  34  18  13  19  25  21]
T [ 11  10  21  16  62  92   0   1  98  99   1   2  42  30  22  23  24]
>MA0854.1 Alx1
A [ 19   7  38  43   5   1  98  98   1   0  92  53  15  23  39  24  15]
C [ 44  21  33   9  40   7   0   0   1   1   0   2  21  32  31  29  40]
G [ 17  65  14  31   2   0   1   1   0   0   7  40  11  16  12  23  14]
T [ 20   7  15  17  53  92   0   1  98  98   1   5  53  29  17  24  31]
>MA0857.1 Rarb
A [1098 1348 1309   0   0   6   1 1618 1559 1443 1541   1   0   1   1 1563]
C [257  33   2   0   1   4 1316   0  11   4   0   0   1   8 1409   0]
G [181 239 243 1964 1941  15   9  14   3 173  30 1972 1774   4   2   3]
T [413  91   0   1  31 1777   8   0  84  24   0   0 272 1717   8   2]
>MA0858.1 Rarb
A [610   0   2   0   1 728 293 249  38 438 398 639   1   0   0   0 693]
C [  3   1   1   2 686   0 210 252 239  34   4   0   1   2   3 765   0]
G [ 39 713 663   0   2   4  15 140 116  41 218  37 682 663   4   0   2]
T [  0   0  22 694   1   0 204  64 281 158   4   1   0  26 674   4   1]
>MA0859.1 Rarg
A [12548 7220   3   0  20   3 8844 9169 8864 9211   1   0   6   0 9147 11044]
C [1655 147   0   3  35 12653   2  49  13   4   1   2  40 11730   4 4836]
G [11289 3074 12765 11969  64  38  15 114 618 394 13267 9298  51  67  82 2470]
T [1309   5   0 1826 10030  79   0 257 353   0   3 2628 9774 105   1 5566]
>MA0860.1 Rarg
A [4074 4543   0   0   0   2 4044 1394 314 3248 2745 3603   0   0  14   7 4764]
C [ 10   7   4   0  11 6256   3 2677 1778 482  58  32   0   8   2 5340   5]
G [806 267 5888 5573  12   0  12 386 2442 558 2133 838 5891 5040   0   2   6]
T [ 31   0   2 200 4309   0   0 780 595 479  57   2   1 319 4540  22   0]
>MA0024.3 E2F1
A [254 241 208  54   0   0   0   2   0 524 510 493]
C [115  46  36  71  32 599   1 588 577 171  80  59]
G [ 89 100 145 888 950   0 1009  17  46  20  58 112]
T [565 638 627   1   0   2   0   0  50 119 182 219]
>MA0867.1 SOX4
A [138 547 547   0 547 547   0   0  54   0 547   0   0   1   0   2]
C [ 69   0   0 547   0   0   0   0  39 547   0   0   0   0   1   1]
G [258   0   5   0   1   3   1  11 398   0   1 547   4 547   0   1]
T [ 81   0   0   0   0   1 547 547 149   0   0  25 547   0 547 547]
>MA0869.1 Sox11
A [305 305   0 305 305   0   0  41   0 305   0   0   0   0   1]
C [  0   0 305   0   0   0   1  39 305   0   0   0   0   0  14]
G [  0   0   0   0   0   0   0 305   0   0 305   2 305   0   5]
T [  0   0   0   0   0 305 305 425   1   0  99 305   0 305 305]
>MA0878.1 CDX1
A [2236 289 5271 9274  28 9274 9274 9274 4650]
C [1557 5143 4003 134  12 300  74 490 1747]
G [4911  19 199 757   0 112  78 256 1257]
T [570 4131 840  74 9274 1453 837 651 1620]
>MA0899.1 HOXA10
A [2315 2425 153 8381 8381 367 5960 8381 8381 8381 3017]
C [1423 1757 3867 4516 455  11  84  36 568 2082 2089]
G [2993 8381  59 1022 718   0 121  76 125 1560 1230]
T [1651 1341 4515 957 267 8381 2422 384 331 2058 2045]
>MA0902.1 HOXB2
A [1887 1431 1046 4380 6679   0 461 6679 2168 1601]
C [1505 1914 2021 2299 187   0 742 178 1309 2146]
G [1785 2184 376 723 377   0  52  34 2091 1581]
T [1501 1150 4658 204  80 6679 6679 369 1111 1351]
>MA0903.1 HOXB3
A [4500 2554 1744 7793 12899   0 441 12899 4542 3199]
C [2526 4145 4979 5106 545 150 839 119 2119 3995]
G [3151 4005 604 838 640   0   0   0 4732 2981]
T [2722 2194 7920 697 242 12899 12899 574 1506 2724]
>MA0904.1 Hoxb5
A [ 52  27  17  12   1  90  98   1   0  92  19  10  28  28  68  22]
C [ 23  35   9  15   7   9   1   0   0   0  29  65  25  44   5  16]
G [ 14  19  65  38   0   0   0   1   9   7  41   9  10  11  14  14]
T [ 11  19  10  35  92   0   1  98  90   1  11  17  36  17  14  48]
>MA0910.1 Hoxd8
A [ 13  60  60  33   7  72  92   4   5  95  79   7  35  24  19  19  36]
C [ 12  12   8   5  23  12   2   1   1   0   5   9   4   7  50   9  21]
G [ 20  11  20  29   1   3   2   1   0   1   2   5  47  56   8  14  18]
T [ 55  16  11  33  69  12   4  94  94   3  13  79  14  13  24  59  25]
>MA0913.1 Hoxd9
A [ 75  24 194 194  13  99 194 194 194  83]
C [ 44 275  77   2   7   3   2   7  26  28]
G [194  12  36  31   7   0   0   0  40  19]
T [  9 194   0   5 194  95  17   7  44  65]
>MA1101.1 BACH2
A [361 852  11  22 1841  73 110  61 1814  45  79 1334 512 530]
C [492 519  19  14  19 1441  15 1799  13  48 1680 160 404 369]
G [682 423  10 1787  15 291  30  14  31 1639  86 171 501 294]
T [360 101 1855  72  20  90 1740  21  37 163  50 230 478 702]
>MA0018.3 CREB1
A [1935 2798 209 127 8337 210 963 150 221 8278 722 2102]
C [1949 2075 213 223  95 7146 555 292 8303 174 3279 2888]
G [2888 3279 174 8303 292 555 7146  95 223 213 2075 1949]
T [2102 722 8278 221 150 963 210 8337 127 209 2798 1935]
>MA1103.1 FOXK2
A [3349 2030 1815 116 7730 7033 7698  91 7680 2431 2217]
C [1353 1315 369  53 119 400  75 6964  67 1875 1882]
G [1566 1549 5407 140  62 113  57  79 113 1774 2684]
T [1709 3083 386 7668  66 431 147 843 117 1897 1194]
>MA1106.1 HIF1A
A [197 105 976   0   1   2  84  88 206 164]
C [229 270   0 979   0  33  41 837 290 315]
G [414 263   2   0 979  11 844  20 257 271]
T [140 342   2   1   0 934  11  35 227 230]
>MA0104.4 MYCN
A [1488 1734 480  34 6369  22 323 274   7 420 1101 1148]
C [1894 1550 5341 6929  56 6517 122 285  14 743 2599 2454]
G [2454 2599 743  14 285 122 6517  56 6929 5341 1550 1894]
T [1148 1101 420   7 274 323  22 6369  34 480 1734 1488]
>MA1111.1 NR2F2
A [488 1027 1788 2084  37  33  17  30 2111 633 847]
C [692 456  37  15  16  12  22 1978  16 503 384]
G [418 320 173  82 2108 2132  30  26  43 544 572]
T [606 401 206  23  43  27 2135 170  34 524 401]
>MA1113.1 PBX2
A [607 449 191 2379 135  57  32 2242  19 2293 262 512]
C [604 176 166  29 309  22  44  21 2419  25 399 754]
G [708 266 1897  46 507 117 2350 200  25  92 1456 793]
T [576 1604 241  41 1544 2299  69  32  32  85 378 436]
>MA1114.1 PBX3
A [1595 1510 1320 596 228 6426 335 247 146 6164 150 6091 369 884 1251 1869 1495]
C [1711 1724 1849 225 227 125 788 199 242 108 6524 129 412 1377 2654 1619 1801]
G [2192 1934 1928 503 6406 214 4929 285 6550 604 209 425 5691 4077 1591 2068 2217]
T [1523 1853 1924 5697 160 256 969 6290  83 145 138 376 549 683 1525 1465 1508]
>MA1116.1 RBPJ
A [345 489   2  35   9   7 2369 2382 742 565]
C [842 872  12  25  20   8   0  15 655 579]
G [604 787   2 2341 2313 2309   4   1 592 711]
T [611 254 2386   1  60  78  29   4 413 547]
>MA1121.1 TEAD2
A [137  88 441  39 517   2  15   8   8 263 112 111 109]
C [145 238  17 478   5  10   8 500 513  60 111 172 221]
G [112  81  70  14  11   6   9  10   3  56 207 147 117]
T [148 135  14  11   9 524 510  24  18 163 112 112  95]
>MA1122.1 TFDP1
A [411 263  48  28  14  36  27 1855 1645 465 381]
C [491 684  71 1886  54  80  32  24 170 647 604]
G [777 940 1862  22 1932 1865 1919  98 137 648 648]
T [328 120  26  71   7  26  29  30  55 247 374]
>MA1123.1 TWIST1
A [5396 5158 5112 2642 210 17749 237 16400 177 228 1029 2589 4322]
C [3892 3843 2815 13244 17703  81 914 1053 273 241 1798 4683 4726]
G [4497 3831 3693 1703 100 145 16142 544 166 17332 2516 5181 4194]
T [4354 5307 6519 550 126 164 846 142 17523 338 12796 5686 4897]
>MA0526.2 USF2
A [1363 1393 1738 1530 842 190  13 6635  11 483  63  14 2691 319 1192 1792]
C [1988 1875 1369 536 253 490 6662  34 6471  29  68  19 462 3016 2617 1896]
G [1850 1898 1917 3680 5590 180  43  44  64 6206  57 6676 2992 1225 1274 1555]
T [1529 1564 1706 984  45 5870  12  17 184  12 6542  21 585 2170 1647 1487]
>MA0103.3 ZEB1
A [3211 4685 114 19905  32 193   4 441 1982 4258 3490]
C [7998 5550 19195   0 19878 19257 501 178 9561 6117 6955]
G [5228 5179 158 223  97 649 355 19381 5178 6601 5828]
T [3692 4715 662   1 122  30 19269 129 3408 3153 3856]
>MA1153.1 Smad4
A [ 88   0   0   0   0 596   0 493]
C [250   0   0 1000   0   0   0 272]
G [ 81 1000   0   0   0 404 1000 125]
T [581   0 1000   0 1000   0   0 110]
>MA1101.2 BACH2
A [26746 38327 59307 12404 9369 62993   1   6 67846  50   3 115 68264  47 4522 19650 18457 23586 15261]
C [12203 8823 5534 21218 61580 260   7   0 1088 37438  20 68215   2 11634 35220 17682 13438 10703 15623]
G [13720 9605 8490 21257 6727 15304   1 68240  13 30785 856   0  11 2028 30498 19155 7650 8221 11268]
T [15601 24469 15405 13391 8116   0 68266  54   6  18 67975   3   0 63746 5274 11783 54749 39012 26118]
>MA1470.1 BACH2
A [178 202 250  50  15 324   4  96 323   0   0   0   0 322   0   2 106  65  79  76]
C [ 32  11  11  85 196   0   0   0   0 324   0   0 320  15  63 100  94  25   9  33]
G [ 50  26  27  93 114   0   0 326   1   0 327   0 116   0   0 189  68   1   3  46]
T [ 61  90  46  93   0   3 317   0   0   0   0 323   0   0 259  31  54 236 224 166]
>MA1483.1 ELF2
A [9934 20352 6114 544 592   0  21 20352 20352 3123 946 8041]
C [2913 1981 20352 20352 20352   0   2   5   6 383 2943 2743]
G [3382 428 980 1806   5 20352 20352   6   0 20352 177 7278]
T [4123 3941 2372  17   7   0   8   0  89   0 20352 2291]
>MA1484.1 ETS2
A [5261 16738 643 1279   7   4 16738 11582 3050   0]
C [2830 471 16738 16738   0   7  13 204   0 8136]
G [5702 3136 1306   0 16738 16738   7   0 13730 415]
T [2945 727   0   0   5   0   0 4953   0 8190]
>MA1489.1 FOXN3
A [  9   9 971 971 971   9 971 971]
C [  9   9   9   9   9 971   9   9]
G [971   9   9   9   9   9   9   9]
T [  9 971   9   9   9   9   9   9]
>MA1491.1 GLI3
A [9265 177 17348  68   7 18184   3 4984 528 18709 2186 4643 8397 6506 953]
C [7913 232 3972 19263 19329 2211 19326 18084 18879   0 17927 5419 3326 11363 2625]
G [7702 18754 2832   7   1 194   4   1  15 1486 1360 12721 5324 2363 17621]
T [2622 1323   3   0   0 699   1   2 323   0 1506 1615 9056 6602 1731]
>MA1498.1 HOXA7
A [481   0 4227 4227   0 159 4227 828]
C [839 2319 3335  83   0   0   0 1720]
G [2302   9 417  25   0 815   0 977]
T [605 1908 226 148 4227 4227   0 702]
>MA1499.1 HOXB4
A [4683   0 3621 9080   0   0 9080 4397]
C [1377 2103 5459   0   0   0   0 1409]
G [4397   0   0 265   0 271  55 4683]
T [1021 9080   0   0 9080 9080   0 1388]
>MA1500.1 HOXB6
A [1357   0 6192 6192   0 403 3128 691]
C [2468 710 647   0 436 926   0 4868]
G [2395   0   0   0 727 4139 3064 996]
T [3724 6192 564   0 6192 6192   0 1324]
>MA1504.1 HOXC4
A [2731 188 3607 8759   0   0 8759 2776]
C [1867 3111 5152   0   0   0   0 1679]
G [2809   0   0 583   0   0 825 2713]
T [1353 8759   0   0 8759 8759   0 1592]
>MA1506.1 HOXD10
A [1258 1102   0  32 1273   0 4645 4645 4645 4645 1316]
C [528 412  40 4645   1   0   0   0  36 463 1450]
G [2400 4645   2   0 4645 151  18   0   0 262 483]
T [459   0 4645   0   0 4645 370   0   7 728 1396]
>MA1507.1 HOXD4
A [1186   0 1542 3405   0   0 3405 1102]
C [705 1184 1862   0   0   0   0 525]
G [1155   0   0 176   0   0 194 1147]
T [359 3405   0   0 3405 3405   0 631]
>MA1522.1 MAZ
A [2480 1819  17  49  36  39   6  90  23 1109 2016]
C [5198 5068 14945 14630 14731 14676   0 14961 14944 9372 6775]
G [4277 5163  75 384 290 347 130   8  96 1768 2539]
T [3108 3013  26   0   6   1 14927   4   0 2814 3733]
>MA1523.1 MSANTD3
A [ 98 111 332  64 980  31  37  47 775 271]
C [269 211 272 723   0 896   7 862 140 568]
G [515 220 249  31   2  27   0  29  24  63]
T [117 456 145 180  16  45 954  60  59  96]
>MA1525.1 NFATC4
A [1652 4349  95   0   0 4349 4349 4349 4349 1132]
C [916 329 1534   0   0  39   0 1084 3276 632]
G [963 2369   0 4349 4349   0   0 127 1789 348]
T [819 843 2816   0   0   0   0 259 1292 2239]
>MA1537.1 NR2F1
A [12164 20462 317 468   8  10 33956 33956 33956  13 242  21  37 33956 9117]
C [4591 436 122  42 465 33956   6 228  48   0   0 751 33956 279 9477]
G [13408 13494 33956 33956 1340 641 606 3361 2542 33956 33956 1854 1543 6237 7332]
T [3792 280 767 744 33956 2239  19 2711  41  59 494 33956 4148 720 8029]
>MA1538.1 NR2F1
A [1651 2466  44  75  22  20 2473 813   0  81 3515   0 131  57 308]
C [280  75 121  45  87 3515  58 855  89  15  95 3515 3515 949 1177]
G [1271 1049 3515 3515 232  58 1041 858  52 3515   0   1  75  32 205]
T [312  79 356  67 3515 171   4 990 3515  12   0  45  50 2566 1825]
>MA1539.1 NR2F6
A [6349 8959  31  38  26   4 9114 2492  66 387 11749 159  82  23 910]
C [727  26   1  12  78 11749  39 3333 333 206 255 11749 11749 2844 3745]
G [3736 2789 11749 11749 253 216 2634 2972  67 11749 107   0   9  26 718]
T [937  20 124 145 11749 443  46 2952 11749   9   3  36  24 8905 6376]
>MA1541.1 NR6A1
A [171 255 124 896 896  13  19   1   7 896 896  21  29  91  39 896 282]
C [197 473 896   4  91   9  12  74 896   0  96  15  11 185 896  20 177]
G [313 348 342  44  72 896 443  26  29   2  35 896 524 355 109 359 207]
T [216 896 132  11  51  62 453 896  40  14  65  62 373 896 254  41 230]
>MA1548.1 PLAGL2
A [224  39   0   0   0   0   0   0  90 210]
C [224  39   0 151 799 999 999 925 684 210]
G [224 813 999 848 200   0   0   0  25 210]
T [327 107   0   0   0   0   0  74 198 369]
>MA1552.1 RARB
A [217 361   3  10  21   5 322   3  16 472  76  12  10  63]
C [ 30  45  17   4  64 472   0   5   8  26 472 472 101 128]
G [169 111 472 472  52   7 150   0 472  18   0   8  45  55]
T [ 56   0  31  76 472  16   3 472   4  13   7  16 371 226]
>MA1553.1 RARG
A [1689 2761 111  39 344  28 2607  33  91 3442 997 106  54 427]
C [296 332  37  28 293 3442   9  50  46 196 3442 3442 687 998]
G [978 681 3442 3442 323  58 835  13 3442 128   5  18 275 282]
T [479 108 156 1109 3442 150  22 3442  12 200  12  48 2756 1736]
>MA1554.1 RFX7
A [  0   0   0   0  95   2   0 279  37]
C [164   2  24  27   0 279 115  22 106]
G [ 63 279   0   0 279  35  13 104  27]
T [ 58   0 279 279  38  19 164  27 109]
>MA1557.1 SMAD5
A [766  34 315  41   1 4924  21 4924  22 4924]
C [2395  16 108 4924 226 543  33 482 4924 784]
G [337 4924 447  39 585 134 4924  20   5 482]
T [2529   5 4924   5 4924   8   6 281  24 1408]
>MA1558.1 SNAI1
A [5274 6993 446 19982 1766  72  38 706 1639 10088]
C [3187 501 19982 297 517   5   0   0 10938 4592]
G [6410 12989 275  91 19982 19982  42 19982 5306 9894]
T [5112 3518 340 568 306  28 19982 311 9044 6356]
>MA1561.1 SOX12
A [854 153  48  47 854 854   0 854 854 129 198]
C [267 854 854  26  26   2 854   0  91 211 210]
G [109  58  34 854   2   4   0   0  44  57 305]
T [138  78  56  48   1   0   3   0  20 854 141]
>MA1570.1 TFAP4
A [479 217   0 479   0 479   0   0 103  60]
C [130 144 479   0 220 149   0   3  14 210]
G [197   0   0  14 161 287   0 479 156 110]
T [ 39 129   0   0 479   0 479   0 206 479]
>MA1573.1 THAP11
A [154 200 195 443   0   2 411   1 402 165  32   3   4   1   2 383  34 153 247]
C [ 73  19   5   5 448  15  16 446   8  39 107  17 440 448 443   5  23 184  84]
G [152 214 243   2   1   1  10   1  34  33  47   5   1   1   2  58 365  89  85]
T [ 72  18   8   1   2 433  14   3   7 214 265 426   6   1   4   5  29  25  35]
>MA1578.1 VEZF1
A [ 71   1   4   2   6  10 406  44 240 333]
C [790 997 995 997 989 977 357 550 171 173]
G [137   0   0   0   0   3 110  70 211 152]
T [  0   0   0   0   4   8 125 334 377 339]
>MA1585.1 ZKSCAN1
A [4633 187 6054  18   0 6079  12  13 605 1273]
C [456 2268  53   5   0  48 101  12 1303 1480]
G [584 364  20 6092   0   0 5980 6075 750 2880]
T [454 3308   0  12 6127   0  34  27 3469 494]
>MA0878.2 CDX1
A [3246 1842   0 7213 18998   0 18998 18998 18998 18998 1782]
C [2471   0 13342 11785   0   0   0   0   0 7224 10693]
G [8784 18998   1  28   0   0  10   0  19 1687 2693]
T [4498   3 5655   0   0 18998   0   0   0 3371 3829]
>MA0469.3 E2F3
A [11774 9758 4706 2828 2537  72  11  17  26  14   0 27525 27860 28547 25059 6056]
C [2813 153  81 320  98 3846   0 29393  14 29427 29368 3862 113  80 397 8775]
G [8684 336  83 109 3968 29311 29421   9 29386   0 3755  78 272  92 114 2756]
T [6153 25118 28522 27783 27496   0  12  24  25   8  71 2530 2677 4552 9732 11838]
>MA0470.2 E2F4
A [4332 3440 2541 946 318  10  15   9   0  29 12269 4886 4627 5354]
C [1036 926 476 489 2176  50 13954   7 13939 13730 4540 2001 906 2863]
G [1772 968 3027 1561 13671 13939   2 13950  53 3993 1062 524 846 2397]
T [9141 12851 12536 13460  20   0  11  25   0 577 2504 8279 8792 6866]
>MA1099.2 HES1
A [3321 5858 464 9446   0  21 253   1 1126 2742]
C [3492 2072 18526   0 18526   0 4057   0 6203 12513]
G [18526 18526   0 9081   0 18526   0 18526 6360 6013]
T [4239 8007  18 232 791   0 18526  53 4837 3216]
>MA0158.2 HOXA5
A [142   0 3130 3130   0   0 3130 480]
C [832 1052 1632   0   0   0   0 1463]
G [1759   0  81   0   0 885   0 1133]
T [397 2078   0   0 3130 3130   0  54]
>MA0594.2 HOXA9
A [651 277  77 627   0 1644 1644 1644 370 350]
C [381 534 1644  17  47 123  86 874 485 449]
G [993 145  16 1644   0  74  23 215 336 498]
T [ 33 1644  71   0 1644 1262 177 875 453 347]
>MA0902.2 HOXB2
A [807  51 6827 6827   0   0 6827 1273]
C [2038 2834 3276   0   0   0   0 2031]
G [2925   0 199   0   0 1876   0 2933]
T [1056 3993   0   0 6827 6827   0 589]
>MA0904.2 HOXB5
A [381   0 3067 3067   0   6 3067 253]
C [1120 537 1031   0   0  26   0 1219]
G [1273   0   0   0   0 1061 564 1146]
T [294 3067   0   0 3067 3067   0 450]
>MA0910.2 HOXD8
A [537   0 3629 3629   0 178 3629 943]
C [405 2150 3006   0   0   0   0 1683]
G [2287   0  47   0   0 507   0 551]
T [399 1480   0   0 3629 3629   0 452]
>MA0913.2 HOXD9
A [1300   0 16363 16363 215 16363 16363 16363 16363 4149]
C [872 9773 8643 226   0   8   0   0 2202 5804]
G [16363  42 675 439   0   0   0   0 1216 2169]
T [655 6590 927   4 16363 5445 123   0 2194 4241]
>MA0701.2 LHX9
A [390   0 6075 6075   0   0 6075 2261]
C [6075 2093 505   0   0   0   0 1013]
G [1056   0   0   0   0 170 305 1946]
T [1219 3983  20   0 6075 6075   0 856]
>MA0703.2 LMX1B
A [1894 2005 1109   0   0 4064 4064   0   0 4064 2319]
C [617 680 548 599   0   0   0   0   0  12 785]
G [890 756 936 190   0   0   0   0   0   0 350]
T [663 2058 2955 3465 4064   0   0 4064 4064   0 609]
>MA0075.3 PRRX2
A [778 122 6720 6720   0   0 6720 2291]
C [6720 2008  29   0   0   0   1 1271]
G [1613 131   3   0   0   0 399 1862]
T [1933 4711   0   0 6720 6720   0 1295]
>MA0867.2 SOX4
A [3190 5582 5582   0 5582 5582 5582 1018 2093 1775]
C [1771 951   0 5582   1   6 120  64 1422 1438]
G [5582 2047   0  37   6  11  50 5582 3489 1889]
T [2286 431   9  33   0   0 2719  83 174 480]
>MA0746.2 SP3
A [1267 2146 664 160 5253   6 465   0   0   2 3430 556 1516]
C [1884 531 6591 6591 1338 6591   0 6591 6591 6591 3160 5116 2608]
G [1895 4445 226  54   2   0 6591   0   0   2  39 297 524]
T [1545 421 345 202  11  12 504   0   9 718 552 1475 1943]
>MA1632.1 ATF2
A [20122 19157 48582 516 1170 57761 1051 1365 963 4372 57899 2949 13720]
C [10795 10292 3145 899 408 396 16970 886 316 53464 218 14153 15785]
G [11910 18924 6229 328 55318 262 23207 56882 283 649 768 5971 11553]
T [16567 11021 1438 57651 2498 975 18166 261 57832 909 509 36321 18336]
>MA1636.1 CEBPG
A [12055 11639 25956 318 659 31891 2082 522 4374 36286 36428 1081 12949 12999 8847]
C [7638 4688 3080 249 351 481 2719 215 28897 582 191 4761 15060 7052 8978]
G [8655 10136 7547 306 29947 2565 1101 36189 309 129 304 2291 4027 5334 5957]
T [8968 10853 733 36443 6359 2379 31414 390 3736 319 393 29183 5280 11931 13534]
>MA1639.1 MEIS1
A [1824 1864 970 6383  80 2295 6063 6112 127 156 5433 1735 1872]
C [1425 1979 4571  61  69 3580 336 214  87 6367 279 1504 1542]
G [1902 762 183 218  83 252  33 192  63  61 152 934 1261]
T [1585 2131 1012  74 6504 609 304 218 6459 152 872 2563 2061]
>MA1640.1 MEIS2
A [6212 6445 9929 3885 1478 19361 576 712 1623 19344 474 2623 5762 3882 4556]
C [3311 4041 2365 468 302 207 268 201 582 177 1053 1089 1609 6518 5248]
G [5768 4683 3896 1400 17326 224 499 278 1801 495 502 12862 8199 4176 3361]
T [4882 5004 3983 14420 1067 381 18830 18982 16167 157 18144 3599 4603 5597 7008]
>MA1644.1 NFYC
A [5184 4351 287 380 12776 12317 259 532 11826 2167 5181]
C [2115 1746 12507 12880 325 376 374 11224 711 3708 3231]
G [4643 4981 394 111 103 549  71 1464 891 5967 2608]
T [1674 2538 428 245 412 374 12912 396 188 1774 2596]
>MA1647.1 PRDM4
A [1980 2041 281 860 293 147 169 195 481 2111 2580]
C [1163 1012 6504 286 110 137 405 138 6353 1456 1532]
G [2553 2079 316 566 6813  82 393 111 129 726 1344]
T [1559 2123 154 5543  39 6889 6288 6811 292 2962 1799]
>MA1648.1 TCF12
A [13014 14835 955 52529 744 1913 1380 2819 1089 13867 11414]
C [19393 17594 57848 2007 55598 55765 3886 2088 55061 17603 18154]
G [16996 18560 1186 5607 3780 3536 2625 55922 2314 14293 20060]
T [12473 10887 1887 1733 1754 662 53985 1047 3412 16113 12248]
>MA1649.1 ZBTB12
A [1463 752 144 130 1841  86 4475 4508  51 1326 963]
C [1018 1341 4377 216  73  80 114  65 4511 1790 1481]
G [1398 784 175 190 2797 4478 106 103  50 647 992]
T [888 1890  71 4231  56 123  72  91 155 1004 1331]
>MA0833.2 ATF4
A [12094 11782 20881 498 228 32087 243 156 4906 32904 32963 803 12607 11049]
C [5054 4365 5781 386 198 217 1626  51 23000 169  70 6134 9846 6064]
G [9022 10152 5970 297 32315 543 328 32958 105  74 112 2808 4718 5731]
T [7106 6977 644 32095 535 429 31079 111 5265 129 131 23531 6105 10432]
>MA0018.4 CREB1
A [21395 21088 28567 1911 1728 73505 2186 1417 8889 3533 75819 10287 22488]
C [17829 15046 13032 970 2298 1748 14144 1895 1231 71982 1018 21582 21876]
G [15570 21104 27796 1109 72555 2012 6339 74401 1207 2177 1222 14802 13550]
T [24750 22306 10149 75554 2963 2279 56875 1831 68217 1852 1485 32873 21630]
>MA0471.2 E2F6
A [7296 8379 9537 2110 266 3856 1173 338 354 29337 25725 8995 7616]
C [8075 7405 5102 1148 837 26424 539 434 834 1171 1595 7410 8477]
G [12358 11649 11562 29387 31790 693 30573 31973 31614 2322 5021 12530 11405]
T [5369 5665 6897 453 205 2125 813 353 296 268 757 4163 5600]
>MA0764.2 ETV4
A [3119 1206 8353   0   1 8374 8333  11 1296 2336]
C [1494 4608  61  92   1   0  73  28 2194 1597]
G [2721 1936   0 8308 8345   0   0 8344 1949 3055]
T [1080 664   0  14  67  40   8  31 2975 1426]
>MA0765.2 ETV5
A [4531 4782 19410 312 1043 222 243 367 1295 3017 4679]
C [8003 10307 2443 24041 1145 956 25484 25061 1743 6921 8378]
G [7117 6129 3017 994 408 816 336 498 18757 11944 6039]
T [6667 5100 1448 971 23722 24324 255 392 4523 4436 7222]
>MA1103.2 FOXK2
A [6548 4861 2697 360 15913 14387 15593 499 15709 4836 4855]
C [2872 2198 551 210 277 1291 330 14282 295 3877 3788]
G [3471 3423 12737 327 148 436 391 426 170 3950 5012]
T [3788 6197 694 15782 341 565 365 1472 505 4016 3024]
>MA0491.2 JUND
A [28467 29234 70166 644 1365 103797 4634 2053 4915 103420 2796 27969 28212]
C [21965 19712 10173 757 873 650 76028 496 98628 751 12025 28250 29793]
G [25006 31347 20586 443 99787 573 20633 1147 953 965 7908 22249 19236]
T [30507 25652 5020 104101 3920 925 4650 102249 1449 809 83216 27477 28704]
>MA0700.2 LHX2
A [2374 2264 898  44 5790 6022 129  67 6275 2167 1934]
C [988 949 3412 5612  71 101  58   5  13 976 1343]
G [1261 1252 1045  37  52  77  64   5   6 1463 1035]
T [1710 1868 978 640 420 133 6082 6256  39 1727 2021]
>MA0659.2 MAFG
A [5651 12161 2200 273 696 20838 264 212 19623 4913 4021 3439 4248 4697 5905]
C [2485 2067 3628 166 20232  71 270 20693 302 2566 1436 1448 5544 4852 4263]
G [8586 2182 14148 198 130 174 19577 200 639 2848 1285 1051 1782 2712 3923]
T [4679 4991 1425 20764 343 318 1290 296 837 11074 14659 15463 9827 9140 7310]
>MA0089.2 MAFG::NFE2L1
A [1244 878 992 2582  12  17 3336  51 218 185 3171  57  16 2857 1362 1145]
C [703 946 853  57   5   7   4 2864  12 3049   9  18 3281  64 517 224]
G [671 1050 742 706   2 3308  10 358  35  25  78 3018  33 142 694 305]
T [738 482 769  11 3337  24   6  83 3091  97  98 263  26 293 783 1682]
>MA0502.2 NFYB
A [813 438 193 6983 134  84  53  63 154 154 3121 2317]
C [3803 2705 5447 181 241  37  41  58 6488 5823 1670 1489]
G [1421 901 1481  57 227 102 7250 7272 173 139 1635 2663]
T [1417 3410 333 233 6852 7231 110  61 639 1338 1028 985]
>MA1113.2 PBX2
A [8363 8307 4925 26620 225 24368 27245 27259 704 2298 25945 6993 7897]
C [5863 8859 19645 629 588 2266 574 754 453 23894 848 7057 7086]
G [9625 3047 1585 1710 317 817 343 569 327 555 352 3952 5574]
T [5745 9383 3441 637 28466 2145 1434 1014 28112 2849 2451 11594 9039]
>MA0782.2 PKNOX1
A [9811 10245 5222 1654 36759 2325 1140 555 36374 651 33982 2745 8452 8617 10522]
C [9503 9828 1625 1160 678 4123 878 1004 410 37846 944 4759 16341 9386 9268]
G [9599 9535 3322 36106 1330 26182 1027 37713 2459 580 2408 27367 9128 9060 10296]
T [11050 10355 29794 1043 1196 7333 36918 691 720 886 2629 5092 6042 12900 9877]
>MA0522.3 TCF3
A [6270 8032 469 28916 309 1127 380 1089 295 7276 5485]
C [10212 9269 29379 396 28640 27199 2003 1038 28742 8727 10122]
G [8539 9432 708 1574 1362 2652 1339 28642 987 8025 9222]
T [6240 4528 705 375 950 283 27539 492 1237 7233 6432]
>MA0830.2 TCF4
A [6048 7034 4168 243 27023 216 356 372 251 1694 5534 6413 5133]
C [10052 6754 5062 28686 635 26765 27724 1016 540 18935 12872 8658 9843]
G [7140 8618 18498 321 1295 1733 1197 679 28432 5281 4933 7964 7662]
T [6225 7059 1737 215 512 751 188 27398 242 3555 6126 6430 6827]
>MA0769.2 TCF7
A [3021 3110 252 246 302 360 266 14577 4421 2913 3496]
C [3657 4604 14379 125 248  62 278  63 855 4774 2740]
G [3981 3198 206  67 266  83 13972 115 1220 5325 1688]
T [4335 4082 157 14556 14178 14489 478 239 8498 1982 7070]
>MA0090.3 TEAD1
A [17689 16651 58030 6096 68106 535 4976 1348 702 57190 9124 13252 19194]
C [19272 22059 1248 61276 646 700 622 66953 67635 1729 6215 20002 21358]
G [14429 12053 9179 1923 946 646 1210 765 374 2051 47856 26525 16344]
T [19008 19635 1941 1103 700 68517 63590 1332 1687 9428 7203 10619 13502]
>MA1123.2 TWIST1
A [8329 7822 7536 3733 377 26713 440 24524 357 380 1801 4070 6823]
C [5761 5530 4597 20412 26665 136 1320 1687 456 396 2919 7402 6561]
G [6485 5722 5772 2336 117 210 24166 908 288 25975 4069 7273 6213]
T [6758 8259 9428 852 174 274 1407 214 26232 582 18544 8588 7736]
>MA0093.3 USF1
A [14420 16095 7574 3841 533 53654 418 3453 448 403 45587 1845 11280 14087]
C [10466 6276 3030 9543 53536 654 13185 1387 264 817 3045 41450 19456 14475]
G [14648 20788 43094 3912 766 477 3666 50076 601 53634 4679 3018 6943 10333]
T [15800 12175 1636 38038 499 549 38065 418 54021 480 2023 9021 17655 16439]
>MA0526.3 USF2
A [9447 10547 6562 2754 365 36933 312 1744 357 336 31293 1448 7698 10035]
C [7703 5509 3199 6524 36957 546 10979 788 198 560 2132 28475 13806 9793]
G [9957 14329 26611 3097 525 329 1910 35413 498 36978 3248 2401 4691 7667]
T [11111 7833 1846 25843 371 410 25017 273 37165 344 1545 5894 12023 10723]
>MA1929.1 CTCF
A [905 914 163 287 4559 1658 592 1133 720 775 2055 1473 1639 1959 1569 827 1483 1649 730 224 4283 433 1251 5212 210 2494 495 232 347 1034 2737 702 1161 2275]
C [3839 405 132 5468 627 1155 986 777 3973 3913 1851 1915 2308 1412 1431 2470 1392 791 5068 6321 357 3551 2748 244 114  86 254  76 381 4715 466 3322 2317 1712]
G [1235 319 6252 241 390 3322 571 1773 764 544 1141 2079 1441 1429 2192 942 2269 3152 518  79 935 2483 618 787 6387 4085 3487 6326 5406 246 3084 1980 807 2015]
T [787 5128 219 770 1190 631 4617 3083 1309 1534 1719 1299 1378 1966 1574 2527 1622 1174 450 142 1191 299 2149 523  55 101 2530 132 632 771 479 762 2481 764]
>MA1930.1 CTCF
A [293 242  41  86 1986 445 158 346 453 497 714 536 467 664 563 593 452 560 604 178  38 1906 127 348 2179  32 1140 169  62 119 335 1021 279 314 787]
C [1497 107  35 2129 127 366 278 324 1333 1129 794 855 1138 604 730 902 781 458 300 2074 2515  97 1409 1016  54   9  14  71  14 138 1833 164 1307 892 591]
G [400 144 2476  25 155 1456 179 892 328 419 623 770 561 376 541 494 393 1041 1242 155   9 275 961 175 212 2527 1399 1208 2472 2117  86 1161 740 265 659]
T [386 2083  24 336 308 309 1961 1014 462 531 445 415 410 932 742 587 950 517 430 169  14 298  79 1037 131   8  23 1128  28 202 322 230 250 1105 539]
>MA1939.1 ERF::SREBF2
A [ 73  93  58   5   2 373 373 227   4  37 373   0   0  30   0 299   7]
C [ 99 211 373   7  15   7  61   0   4 373   2 373  96  10   0   0 111]
G [122 162   1 373 373   0   0 146  13   7   4   5 373   8 373  24   8]
T [ 78  17  34   0  14  31  73   1 352  12   1  15   5 373  10  50 246]
>MA1961.1 PATZ1
A [125 125  68 195   1   1 355   1   1   1  54  51]
C [332 288 228  78   1   1 489   1  41  34   1 392]
G [446 543 680 727 997 997   1 997 957 964 944 523]
T [ 98  44  24   1   1   1 155   1   1   1   1  34]
>MA1964.1 SMAD2
A [825 514  42   6 3447   7 3747   1 1375 651]
C [998 1100 3610 3484 149  30   0 3757 599 1066]
G [915 1370  86 171 154 3703   0   0 1009 1288]
T [1020 774  20  97   8  18  11   0 775 753]
>MA1970.1 TRPS1
A [4680 6018 1359 941 645 874 17440 312 252 2790 4075 5019]
C [3241 3588 2547 14262 560 462 215 265 17146 792 4349 4042]
G [3880 2830 1749 1426 320 449 329 179 263 716 4750 2784]
T [6482 5847 12628 1654 16758 16498 299 17527 622 13985 5109 6438]
>MA1973.1 ZKSCAN3
A [ 38  47  12  23  17  36 188   6   0   5   2 197   3  36   0   1 136  28  56  46]
C [ 26  22  38 149 152 115   2   1   5 183   6   3   6 168 193 192  24  68  46  57]
G [ 86  71  93  17  15  38  19 201 203   4   2   8 188   4   1   2  16  63  57  55]
T [ 60  70  67  21  26  21   1   2   2  18 200   2  13   2  16  15  34  51  51  52]
>MA0095.3 Yy1
A [13887 12797 3123 41529 39666 30769 41506 689 561 1597 10390 9820]
C [8349 11561 33122 926 1447 2536 746 241 165 971 21750 7355]
G [8933 8590 3684 287 1320 8658 712 708 42263 39612 4857 13870]
T [12179 10400 3419 606 915 1385 384 41710 359 1168 6351 12303]
>MA0506.2 Nrf1
A [2195 2504 1289 744 445 408 286 147 4332 128  68 131 274 426 4157]
C [3418 4284 7208 1831 339 11783 193 11838 5475 577 251 12143 576 8461 2501]
G [4931 2587 3330 864 11841 343 12026 510 2514 446 12324 201 11169 1008 4790]
T [2185 3354 902 9290 104 195 224 234 408 11578  86 254 710 2834 1281]
>MA0521.2 Tcf12
A [17437 20538 35034 367 72283 836 1565 341 549 8582 12730 17825]
C [18494 20418 13599 72674 739 1814 69780 632 402 16783 20300 20234]
G [20234 20299 16780 404 632 69780 1814 738 72670 13600 20421 18499]
T [17830 12740 8582 550 341 1565 836 72284 374 35030 20544 17437]
>MA0526.4 USF2
A [4809 7043 450   0 18731   0  41  10  15 16175  33 3988]
C [2514 583 2548 18731   6 18731   0   4   9 162 11694 7483]
G [7445 11688 160   6   4   9 18731  12 18731 2556 574 2488]
T [3963  46 16183   7   5  39   0 18731   0 440 7037 4772]
>MA0606.2 Nfat5
A [129 106 279  35  13  16 328 336 334 315  88  83]
C [ 79 118  17  10   0   8   8   1   4   8  46  61]
G [ 71  66  47   9 332 325  15  10   8  19  63  96]
T [ 77  66  13 302  11   7   5   9  10  14 159 116]
>MA0625.2 NFATC3
A [3553 289   0   0 5866 5866 5866 3038 1802]
C [1514 2313   0   0 261   0 1586 2828 1333]
G [2313 451 5866 5866 825 184 475 1511 898]
T [1236 3553   0   0   8   0 1089 1266 1833]
>MA0633.2 Twist2
A [12999 13770  15 48915   9  21   0  60 5458 9846]
C [14004 14575 49473 345  16 49583 369  81 15826 12845]
G [12845 15826  81 369 49583  16 342 49473 14575 13939]
T [9781 5458  60   0  21   9 48918  15 13770 12999]
>MA0659.3 Mafg
A [5260 5581 1157 8434 582 416 18141 831 804 695 18664 273 516 12447 4986]
C [4384 2762 2388 9862 928 397 410 15032 387 18563 173 222 18113 1934 4193]
G [6094 2567 15608 1015 361 18551 1193 3504 282 449 622 18733 878 2413 6409]
T [4380 9208 965 807 18247 754 374 751 18645 411 659 890 611 3324 4530]
>MA0666.2 MSX1
A [783 227 5064 5064   0   0 5064 1996]
C [2126 5064 125  42   0 280   0 925]
G [1415   0 146   0   0   0 159 1322]
T [740 2415   0   0 5064 5064   0 820]
>MA0708.2 MSX2
A [983 220 6353 6353   0  62 6353 2393]
C [2649 6353 175 112   0 600   0 1233]
G [1819   0 259   0   0   0 243 1637]
T [903 2737   0   0 6353 6353   0 1089]
>MA0754.2 CUX1
A [742 5241 6064   3  22 1683 6064  41 6064 6064]
C [1062  90   1 108 6064   2  17  97 586 3213]
G [616 823 993  84  48 4381  32  57 459 1325]
T [6064 453  13 6064 103  53  25 6064 620 2110]
>MA0764.3 ETV4
A [11524 804 735   0   0 16511 13187 3007 686 6724]
C [1508 14467 16511   0   0 131 551 1288 4392 4660]
G [4987 2044 229 16511 16511 155 247 13504 1313 9787]
T [2350 331   3   0   0 148 3324 183 12118 4210]
>MA0765.3 ETV5
A [13677 202  87   0   0 16117 14531 1742 282 7748]
C [713 16117 16117   0   0 189 119 492 2350 3677]
G [2441 585  24 16117 16117  23  17 14375 344 8369]
T [1533 110   0   0   0 108 1587  42 13767 3507]
>MA0768.2 Lef1
A [286 238 176  73  26  12  19  18  73 987 130 135 234 189]
C [239 224 231 788 989  19  47  18  75  28  28 306 218 299]
G [229 247 308 130  21  14  39  15 882  25  51 461 139 263]
T [327 372 366  90  45 1036 976 1030  51  41 872 179 490 330]
>MA0828.2 SREBF2
A [5381 3386 9699 103   0 14252  12   6   2   0 14252   1 5670 5381]
C [2286 2425 119  60 14252   0 14252 553 218  26   1 4548 2776 1200]
G [1193 2744 4554   4  24 205 556 14252   0 14252  61 116 2399 2295]
T [5391 5697   1 14252   0   1   5  12 14252   0 107 9704 3407 5377]
>MA0869.2 Sox11
A [2884 4163 1014 7912 9856 119 10020 9676 9276 506 3244 3542]
C [2447 974 764 766 100 9471 108 264  61 148 2321 2800]
G [3058 3112 8063 1298 211 501  49 248 233 9486 3936 2627]
T [1859 1999 407 272  81 157  71  60 678 108 747 1279]
>MA0878.3 CDX1
A [1088 527  11 4822 8617   0 8617 8617 8617 7199]
C [884 355 4868 3795   0   0  56  72   0 1418]
G [7528 8090   0   0 344   0   0  97   0 754]
T [1076 131 3749 355   0 8617 230  29   0 854]
>MA1483.2 ELF2
A [44041 84429 30422 7116 13644  15  21 84429 84429 28882 6161 48456]
C [9149 12629 54007 84429 84429  22  16  51  58 5077 12976 14938]
G [13637 10017 6180 14852 231 84429 84429  10  41 84429 4604 35973]
T [17602 39326 13118 228  12  18  20 159 1811 382 84429 18208]
>MA1491.2 GLI3
A [4051   9 8515   4   1 8515   1 727  29 8515 551 678 3543 2251  44 2652]
C [1748   3 365 8515 8515 236 8515 7788 8515   2 7964 633 249 3644 190 2938]
G [4464 8515 376   0   1   9   0   1   1  53  88 8515 353 332 8515 618]
T [403  96   1   0   1  88   1   1  17   2  83 154 4971 2288 132 2307]
>MA1498.2 HOXA7
A [1459 1082 4447 8075   2 994 8075 3164]
C [2291 4990 3628 199   0 439 478 2086]
G [3316 310 525 622   0   0 252 1624]
T [1009 3085 815 306 8075 8075 806 1201]
>MA1525.2 NFATC4
A [3318 7139  16   0   0 7139 7139 7139 7139 2709]
C [1416 715 2586   0   0   0   0 460 6522 1280]
G [1150 2590  43 7139 7139   0   0  42 1149 138]
T [1255 1505 4553   0   0   0   0 107 1164 3012]
>MA1573.2 Thap11
A [588  20   5 627   4 609 414  70  18   5   8   9 475  74]
C [ 38 603  39  17 639  13  46 209  20 631 642 622  16  68]
G [ 20  18   6  10   9  29  56 165  19   2   5  10 147 421]
T [ 14  19 610   6   8   9 144 216 603  22   5  19  22  97]
>MA1647.2 Prdm4
A [316 392 220 220  33  21 202  30 1155 1140 1161  16 223 170 145 137 406]
C [168 191 275 745 1098  40  37   4  12  10   6 1147 434 184 439 528 225]
G [483 369 437  76  14  13 203 1141   7  27   9   8  39 715 103  92 321]
T [214 229 249 140  36 1107 739   6   7   4   5  10 485 112 494 424 229]
>MA2328.1 ZBED4
A [ 41  26  29  17   6  11  14  12  22  19]
C [479 419 549  14 621 391 598 604  19 589]
G [ 80  65  62 608  26  28  34  23 580  35]
T [ 60 150  20  21   7 230  14  21  39  17]
>MA2336.1 ZSCAN21
A [703 896  28  17 893  25  37]
C [124  16  25 744  21 881   9]
G [ 55  25 853  32  22  30  16]
T [ 65  10  41 154  11  11 885]
>MA0634.2 ALX3
A [794 7877 7877  76 697 7877]
C [3367 506 317  72 729 449]
G [345 885 141   8 239  87]
T [4510 629 231 7877 7877 977]
>MA1632.2 ATF2
A [48582 516 1170 57761 1051 1365 963 4372 57899 2949]
C [3145 899 408 396 16970 886 316 53464 218 14153]
G [6229 328 55318 262 23207 56882 283 649 768 5971]
T [1438 57651 2498 975 18166 261 57832 909 509 36321]
>MA0833.3 ATF4
A [20881 498 228 32087 243 156 4906 32904 32963 803]
C [5781 386 198 217 1626  51 23000 169  70 6134]
G [5970 297 32315 543 328 32958 105  74 112 2808]
T [644 32095 535 429 31079 111 5265 129 131 23531]
>MA1101.3 BACH2
A [9369 62993   1   6 67846  50   3 115 68264  47 4522]
C [61580 260   7   0 1088 37438  20 68215   2 11634 35220]
G [6727 15304   1 68240  13 30785 856   0  11 2028 30498]
T [8116   0 68266  54   6  18 67975   3   0 63746 5274]
>MA1470.2 BACH2
A [178 202 250  50  15 324   4  96 323   0   0   0   0 322   0   2 106  65  79]
C [ 32  11  11  85 196   0   0   0   0 324   0   0 320  15  63 100  94  25   9]
G [ 50  26  27  93 114   0   0 326   1   0 327   0 116   0   0 189  68   1   3]
T [ 61  90  46  93   0   3 317   0   0   0   0 323   0   0 259  31  54 236 224]
>MA1636.2 CEBPG
A [25956 318 659 31891 2082 522 4374 36286 36428 1081]
C [3080 249 351 481 2719 215 28897 582 191 4761]
G [7547 306 29947 2565 1101 36189 309 129 304 2291]
T [733 36443 6359 2379 31414 390 3736 319 393 29183]
>MA0018.5 CREB1
A [1911 1728 73505 2186 1417 8889 3533 75819]
C [970 2298 1748 14144 1895 1231 71982 1018]
G [1109 72555 2012 6339 74401 1207 2177 1222]
T [75554 2963 2279 56875 1831 68217 1852 1485]
>MA0139.2 CTCF
A [281  56   8 744  40 107 851   5 333  54  12  56 104 372  82]
C [ 49 800 903  13 528 433  11   0   3  12   0   8 733  13 482]
G [449  21   0  65 334  48  32 903 566 504 890 775   5 507 307]
T [134  36   2  91  11 324  18   3   9 341   8  71  67  17  37]
>MA1929.2 CTCF
A [905 914 163 287 4559 1658 592 1133 720 775 2055 1473 1639 1959 1569 827 1483 1649 730 224 4283 433 1251 5212 210 2494 495 232 347 1034 2737]
C [3839 405 132 5468 627 1155 986 777 3973 3913 1851 1915 2308 1412 1431 2470 1392 791 5068 6321 357 3551 2748 244 114  86 254  76 381 4715 466]
G [1235 319 6252 241 390 3322 571 1773 764 544 1141 2079 1441 1429 2192 942 2269 3152 518  79 935 2483 618 787 6387 4085 3487 6326 5406 246 3084]
T [787 5128 219 770 1190 631 4617 3083 1309 1534 1719 1299 1378 1966 1574 2527 1622 1174 450 142 1191 299 2149 523  55 101 2530 132 632 771 479]
>MA1930.2 CTCF
A [293 242  41  86 1986 445 158 346 453 497 714 536 467 664 563 593 452 560 604 178  38 1906 127 348 2179  32 1140 169  62 119 335 1021 279]
C [1497 107  35 2129 127 366 278 324 1333 1129 794 855 1138 604 730 902 781 458 300 2074 2515  97 1409 1016  54   9  14  71  14 138 1833 164 1307]
G [400 144 2476  25 155 1456 179 892 328 419 623 770 561 376 541 494 393 1041 1242 155   9 275 961 175 212 2527 1399 1208 2472 2117  86 1161 740]
T [386 2083  24 336 308 309 1961 1014 462 531 445 415 410 932 742 587 950 517 430 169  14 298  79 1037 131   8  23 1128  28 202 322 230 250]
>MA0754.3 CUX1
A [742 5241 6064   3  22 1683 6064  41 6064]
C [1062  90   1 108 6064   2  17  97 586]
G [616 823 993  84  48 4381  32  57 459]
T [6064 453  13 6064 103  53  25 6064 620]
>MA0469.4 E2F3
A [9758 4706 2828 2537  72  11  17  26  14   0 27525 27860 28547 25059]
C [153  81 320  98 3846   0 29393  14 29427 29368 3862 113  80 397]
G [336  83 109 3968 29311 29421   9 29386   0 3755  78 272  92 114]
T [25118 28522 27783 27496   0  12  24  25   8  71 2530 2677 4552 9732]
>MA0470.3 E2F4
A [4332 3440 2541 946 318  10  15   9   0  29 12269 4886 4627]
C [1036 926 476 489 2176  50 13954   7 13939 13730 4540 2001 906]
G [1772 968 3027 1561 13671 13939   2 13950  53 3993 1062 524 846]
T [9141 12851 12536 13460  20   0  11  25   0 577 2504 8279 8792]
>MA0471.3 E2F6
A [2110 266 3856 1173 338 354 29337 25725]
C [1148 837 26424 539 434 834 1171 1595]
G [29387 31790 693 30573 31973 31614 2322 5021]
T [453 205 2125 813 353 296 268 757]
>MA1483.3 ELF2
A [84429 30422 7116 13644  15  21 84429 84429 28882 6161]
C [12629 54007 84429 84429  22  16  51  58 5077 12976]
G [10017 6180 14852 231 84429 84429  10  41 84429 4604]
T [39326 13118 228  12  18  20 159 1811 382 84429]
>MA0828.3 SREBF2
A [9699 103   0 14252  12   6   2   0 14252   1]
C [119  60 14252   0 14252 553 218  26   1 4548]
G [4554   4  24 205 556 14252   0 14252  61 116]
T [  1 14252   0   1   5  12 14252   0 107 9704]
>MA0760.2 ERF
A [205   7  25   0   0 205 205  82   0]
C [  4 205 205   0   3   3   0  17  41]
G [ 33   8   6 205 205   3   0 205  11]
T [  3  34   0   0   0   2  30   0 205]
>MA0058.4 MAX
A [ 39 6876   0 329  69   0]
C [6876   0 6876  39 159  27]
G [  0  87   7 6876  20 6876]
T [  0  38 229  19 6876  36]
>MA1939.2 ERF::SREBF2
A [ 93  58   5   2 373 373 227   4  37 373   0   0  30   0 299   7]
C [211 373   7  15   7  61   0   4 373   2 373  96  10   0   0 111]
G [162   1 373 373   0   0 146  13   7   4   5 373   8 373  24   8]
T [ 17  34   0  14  31  73   1 352  12   1  15   5 373  10  50 246]
>MA1484.2 ETS2
A [16738 643 1279   7   4 16738 11582 3050   0]
C [471 16738 16738   0   7  13 204   0 8136]
G [3136 1306   0 16738 16738   7   0 13730 415]
T [727   0   0   5   0   0 4953   0 8190]
>MA0764.4 ETV4
A [11524 804 735   0   0 16511 13187 3007 686]
C [1508 14467 16511   0   0 131 551 1288 4392]
G [4987 2044 229 16511 16511 155 247 13504 1313]
T [2350 331   3   0   0 148 3324 183 12118]
>MA0765.4 ETV5
A [13677 202  87   0   0 16117 14531 1742 282]
C [713 16117 16117   0   0 189 119 492 2350]
G [2441 585  24 16117 16117  23  17 14375 344]
T [1533 110   0   0   0 108 1587  42 13767]
>MA0492.2 JUND
A [13616 25347   0   0 33631   0 5124   0 8793 33631 267]
C [2452 169   0   0   0 10406 1824 3935 24697   0 5470]
G [15761 8115   0 33511   0 8287 26683   0 141   0 2407]
T [1802   0 33631 120   0 14938   0 29696   0   0 25487]
>MA0491.3 JUND
A [70166 644 1365 103797 4634 2053 4915 103420 2796]
C [10173 757 873 650 76028 496 98628 751 12025]
G [20586 443 99787 573 20633 1147 953 965 7908]
T [5020 104101 3920 925 4650 102249 1449 809 83216]
>MA1103.3 FOXK2
A [2697 360 15913 14387 15593 499 15709]
C [551 210 277 1291 330 14282 295]
G [12737 327 148 436 391 426 170]
T [694 15782 341 565 365 1472 505]
>MA1491.3 GLI3
A [4051   9 8515   4   1 8515   1 727  29 8515 551 678 3543 2251  44]
C [1748   3 365 8515 8515 236 8515 7788 8515   2 7964 633 249 3644 190]
G [4464 8515 376   0   1   9   0   1   1  53  88 8515 353 332 8515]
T [403  96   1   0   1  88   1   1  17   2  83 154 4971 2288 132]
>MA0522.4 TCF3
A [469 28916 309 1127 380 1089 295]
C [29379 396 28640 27199 2003 1038 28742]
G [708 1574 1362 2652 1339 28642 987]
T [705 375 950 283 27539 492 1237]
>MA1099.3 HES1
A [3321 5858 464 9446   0  21 253   1]
C [3492 2072 18526   0 18526   0 4057   0]
G [18526 18526   0 9081   0 18526   0 18526]
T [4239 8007  18 232 791   0 18526  53]
>MA0738.2 HIC2
A [2606   0 494  23 435 1466]
C [394 117 354 4891 4891 3425]
G [2285   0 4891  14   0   0]
T [367 4891 151   0  59   0]
>MA1106.2 HIF1A
A [976   0   1   2  84  88]
C [  0 979   0  33  41 837]
G [  2   0 979  11 844  20]
T [  2   1   0 934  11  35]
>MA0899.2 HOXA10
A [2425 153 8381 8381 367 5960 8381 8381 8381]
C [1757 3867 4516 455  11  84  36 568 2082]
G [8381  59 1022 718   0 121  76 125 1560]
T [1341 4515 957 267 8381 2422 384 331 2058]
>MA1498.3 HOXA7
A [1082 4447 8075   2 994 8075]
C [4990 3628 199   0 439 478]
G [310 525 622   0   0 252]
T [3085 815 306 8075 8075 806]
>MA0594.3 HOXA9
A [651 277  77 627   0 1644 1644]
C [381 534 1644  17  47 123  86]
G [993 145  16 1644   0  74  23]
T [ 33 1644  71   0 1644 1262 177]
>MA0902.3 HOXB2
A [ 51 6827 6827   0   0 6827]
C [2834 3276   0   0   0   0]
G [  0 199   0   0 1876   0]
T [3993   0   0 6827 6827   0]
>MA0903.2 HOXB3
A [1744 7793 12899   0 441 12899]
C [4979 5106 545 150 839 119]
G [604 838 640   0   0   0]
T [7920 697 242 12899 12899 574]
>MA1499.2 HOXB4
A [  0 3621 9080   0   0 9080]
C [2103 5459   0   0   0   0]
G [  0   0 265   0 271  55]
T [9080   0   0 9080 9080   0]
>MA0904.3 HOXB5
A [  0 3067 3067   0   6 3067]
C [537 1031   0   0  26   0]
G [  0   0   0   0 1061 564]
T [3067   0   0 3067 3067   0]
>MA1500.2 HOXB6
A [  0 6192 6192   0 403 3128 691]
C [710 647   0 436 926   0 4868]
G [  0   0   0 727 4139 3064 996]
T [6192 564   0 6192 6192   0 1324]
>MA1504.2 HOXC4
A [188 3607 8759   0   0 8759]
C [3111 5152   0   0   0   0]
G [  0   0 583   0   0 825]
T [8759   0   0 8759 8759   0]
>MA1506.2 HOXD10
A [1258 1102   0  32 1273   0 4645 4645 4645 4645]
C [528 412  40 4645   1   0   0   0  36 463]
G [2400 4645   2   0 4645 151  18   0   0 262]
T [459   0 4645   0   0 4645 370   0   7 728]
>MA1507.2 HOXD4
A [  0 1542 3405   0   0 3405]
C [1184 1862   0   0   0   0]
G [  0   0 176   0   0 194]
T [3405   0   0 3405 3405   0]
>MA0910.3 HOXD8
A [537   0 3629 3629   0 178 3629]
C [405 2150 3006   0   0   0   0]
G [2287   0  47   0   0 507   0]
T [399 1480   0   0 3629 3629   0]
>MA0913.3 HOXD9
A [1300   0 16363 16363 215 16363 16363 16363 16363]
C [872 9773 8643 226   0   8   0   0 2202]
G [16363  42 675 439   0   0   0   0 1216]
T [655 6590 927   4 16363 5445 123   0 2194]
>MA0657.2 KLF13
A [733 1891 496  75 2384   0  24   0   4   1 509   3 156 247 735 404 285]
C [ 46   0 923 924   0 1353   2 1596 1469 1760 1766 638 350 235 554 176 221]
G [796 4630  58   2  11   7 3028   0   0   0   0   3  54 270 841 483 1226]
T [1766  59 102  61   0   3   9   7   0  16  10 1403 2040 2968 2247 1672 560]
>MA0700.3 LHX2
A [ 44 5790 6022 129  67 6275]
C [5612  71 101  58   5  13]
G [ 37  52  77  64   5   6]
T [640 420 133 6082 6256  39]
>MA0701.3 LHX9
A [390   0 6075 6075   0   0 6075]
C [6075 2093 505   0   0   0   0]
G [1056   0   0   0   0 170 305]
T [1219 3983  20   0 6075 6075   0]
>MA0703.3 LMX1B
A [  0   0 4064 4064   0   0 4064 2319]
C [599   0   0   0   0   0  12 785]
G [190   0   0   0   0   0   0 350]
T [3465 4064   0   0 4064 4064   0 609]
>MA0089.3 MAFG::NFE2L1
A [2582  12  17 3336  51 218 185 3171  57  16 2857]
C [ 57   5   7   4 2864  12 3049   9  18 3281  64]
G [706   2 3308  10 358  35  25  78 3018  33 142]
T [ 11 3337  24   6  83 3091  97  98 263  26 293]
>MA1522.2 MAZ
A [ 17  49  36  39   6  90  23 1109]
C [14945 14630 14731 14676   0 14961 14944 9372]
G [ 75 384 290 347 130   8  96 1768]
T [ 26   0   6   1 14927   4   0 2814]
>MA0498.3 MEIS1
A [8690   0 77159   0 77159]
C [5575 1249 2903 77159   0]
G [3174 77159 672   0 9263]
T [77159   0   0 1155 3861]
>MA1639.2 MEIS1
A [970 6383  80 2295 6063 6112 127 156 5433]
C [4571  61  69 3580 336 214  87 6367 279]
G [183 218  83 252  33 192  63  61 152]
T [1012  74 6504 609 304 218 6459 152 872]
>MA1640.2 MEIS2
A [3885 1478 19361 576 712 1623 19344 474 2623]
C [468 302 207 268 201 582 177 1053 1089]
G [1400 17326 224 499 278 1801 495 502 12862]
T [14420 1067 381 18830 18982 16167 157 18144 3599]
>MA1523.2 MSANTD3
A [ 64 980  31  37  47 775 271]
C [723   0 896   7 862 140 568]
G [ 31   2  27   0  29  24  63]
T [180  16  45 954  60  59  96]
>MA0666.3 MSX1
A [227 5064 5064   0   0 5064]
C [5064 125  42   0 280   0]
G [  0 146   0   0   0 159]
T [2415   0   0 5064 5064   0]
>MA0708.3 MSX2
A [220 6353 6353   0  62 6353]
C [6353 175 112   0 600   0]
G [  0 259   0   0   0 243]
T [2737   0   0 6353 6353   0]
>MA0104.5 MYCN
A [480  34 6369  22 323 274   7 420]
C [5341 6929  56 6517 122 285  14 743]
G [743  14 285 122 6517  56 6929 5341]
T [420   7 274 323  22 6369  34 480]
>MA0625.3 NFATC3
A [289   0   0 5866 5866 5866]
C [2313   0   0 261   0 1586]
G [451 5866 5866 825 184 475]
T [3553   0   0   8   0 1089]
>MA1525.3 NFATC4
A [7139  16   0   0 7139 7139 7139 7139 2709]
C [715 2586   0   0   0   0 460 6522 1280]
G [2590  43 7139 7139   0   0  42 1149 138]
T [1505 4553   0   0   0   0 107 1164 3012]
>MA0502.3 NFYB
A [438 193 6983 134  84  53  63 154 154]
C [2705 5447 181 241  37  41  58 6488 5823]
G [901 1481  57 227 102 7250 7272 173 139]
T [3410 333 233 6852 7231 110  61 639 1338]
>MA1644.2 NFYC
A [287 380 12776 12317 259 532 11826]
C [12507 12880 325 376 374 11224 711]
G [394 111 103 549  71 1464 891]
T [428 245 412 374 12912 396 188]
>MA0017.3 NR2F1
A [7266 6333 8496   0   0   0   0 12059 5116 3229 3276 5681]
C [1692 387   0  30   0   0 12059   0 3055 2966 2470 2912]
G [1153 4869 3791 12059 12059   0   0  91 1618 4395 3886 36863]
T [1948 469   0   0   0 12059   0   0 2270 1469 2427 3466]
>MA1537.2 NR2F1
A [20462 317 468   8  10 33956 33956 33956  13 242  21  37 33956]
C [436 122  42 465 33956   6 228  48   0   0 751 33956 279]
G [13494 33956 33956 1340 641 606 3361 2542 33956 33956 1854 1543 6237]
T [280 767 744 33956 2239  19 2711  41  59 494 33956 4148 720]
>MA1111.2 NR2F2
A [1788 2084  37  33  17  30 2111]
C [ 37  15  16  12  22 1978  16]
G [173  82 2108 2132  30  26  43]
T [206  23  43  27 2135 170  34]
>MA1541.2 NR6A1
A [124 896 896  13  19   1   7 896 896  21  29  91  39 896]
C [896   4  91   9  12  74 896   0  96  15  11 185 896  20]
G [342  44  72 896 443  26  29   2  35 896 524 355 109 359]
T [132  11  51  62 453 896  40  14  65  62 373 896 254  41]
>MA1961.2 PATZ1
A [125  68 195   1   1 355   1   1   1  54  51]
C [288 228  78   1   1 489   1  41  34   1 392]
G [543 680 727 997 997   1 997 957 964 944 523]
T [ 44  24   1   1   1 155   1   1   1   1  34]
>MA0070.2 PBX1
A [ 16   1   0  17  17   0   0  16  12]
C [  1   1  18   1   0   0  18   1   0]
G [  1   0   0   0   0   1   0   0   1]
T [  0  16   0   0   1  17   0   1   5]
>MA1113.3 PBX2
A [4925 26620 225 24368 27245 27259 704 2298 25945]
C [19645 629 588 2266 574 754 453 23894 848]
G [1585 1710 317 817 343 569 327 555 352]
T [3441 637 28466 2145 1434 1014 28112 2849 2451]
>MA1114.2 PBX3
A [596 228 6426 335 247 146 6164 150 6091 369 884]
C [225 227 125 788 199 242 108 6524 129 412 1377]
G [503 6406 214 4929 285 6550 604 209 425 5691 4077]
T [5697 160 256 969 6290  83 145 138 376 549 683]
>MA0782.3 PKNOX1
A [5222 1654 36759 2325 1140 555 36374 651 33982 2745]
C [1625 1160 678 4123 878 1004 410 37846 944 4759]
G [3322 36106 1330 26182 1027 37713 2459 580 2408 27367]
T [29794 1043 1196 7333 36918 691 720 886 2629 5092]
>MA1548.2 PLAGL2
A [ 39   0   0   0   0   0   0  90]
C [ 39   0 151 799 999 999 925 684]
G [813 999 848 200   0   0   0  25]
T [107   0   0   0   0   0  74 198]
>MA0785.2 POU2F1
A [756 10582 153 186 300 6932 10582 10582 1422]
C [1347  12 501  82 10582  33 108  37 457]
G [474  29 213 10582 1351  46 879  51 755]
T [10582  43 10582 1326 3375 3651 787 158 10582]
>MA0716.2 PRRX1
A [2373 23897 23897   0 1264 23897]
C [11122 1088 503   3 2302 644]
G [1121 1776 202   0 1004 136]
T [12775 810 209 23897 23897 1229]
>MA0075.4 PRRX2
A [778 122 6720 6720   0   0 6720]
C [6720 2008  29   0   0   0   1]
G [1613 131   3   0   0   0 399]
T [1933 4711   0   0 6720 6720   0]
>MA1552.2 RARB
A [217 361   3  10  21   5 322   3  16 472  76  12  10]
C [ 30  45  17   4  64 472   0   5   8  26 472 472 101]
G [169 111 472 472  52   7 150   0 472  18   0   8  45]
T [ 56   0  31  76 472  16   3 472   4  13   7  16 371]
>MA1553.2 RARG
A [2761 111  39 344  28 2607  33  91 3442 997 106  54 427]
C [332  37  28 293 3442   9  50  46 196 3442 3442 687 998]
G [681 3442 3442 323  58 835  13 3442 128   5  18 275 282]
T [108 156 1109 3442 150  22 3442  12 200  12  48 2756 1736]
>MA1116.2 RBPJ
A [  2  35   9   7 2369 2382]
C [ 12  25  20   8   0  15]
G [  2 2341 2313 2309   4   1]
T [2386   1  60  78  29   4]
>MA0138.3 REST
A [ 58  76 1452  34 122 1575   3  35 913 219  39  20 1406  13 1574  42 205 366 213 179]
C [269 1366  30  44 978   7 1586 1481 201 375   7   5 112 1280   9  13 1007  31 933 1114]
G [146  50  94 1516 323  12  12  20 162 124 1551 1577  34 233   7 1530 183 688 319  37]
T [1124 105  26  10 182  12   5  70 329 886   7   2  51  74  10   9 198 507 125 260]
>MA1554.2 RFX7
A [  0   0   0   0  95   2   0 279]
C [164   2  24  27   0 279 115  22]
G [ 63 279   0   0 279  35  13 104]
T [ 58   0 279 279  38  19 164  27]
>MA1964.2 SMAD2
A [ 42   6 3447   7 3747   1]
C [3610 3484 149  30   0 3757]
G [ 86 171 154 3703   0   0]
T [ 20  97   8  18  11   0]
>MA1558.2 SNAI1
A [6993 446 19982 1766  72  38 706]
C [501 19982 297 517   5   0   0]
G [12989 275  91 19982 19982  42 19982]
T [3518 340 568 306  28 19982 311]
>MA1561.2 SOX12
A [854 153  48  47 854 854   0 854 854 129]
C [267 854 854  26  26   2 854   0  91 211]
G [109  58  34 854   2   4   0   0  44  57]
T [138  78  56  48   1   0   3   0  20 854]
>MA0867.3 SOX4
A [5582 5582   0 5582 5582 5582 1018 2093]
C [951   0 5582   1   6 120  64 1422]
G [2047   0  37   6  11  50 5582 3489]
T [431   9  33   0   0 2719  83 174]
>MA0746.3 SP3
A [2146 664 160 5253   6 465   0   0   2 3430 556]
C [531 6591 6591 1338 6591   0 6591 6591 6591 3160 5116]
G [4445 226  54   2   0 6591   0   0   2  39 297]
T [421 345 202  11  12 504   0   9 718 552 1475]
>MA1648.2 TCF12
A [955 52529 744 1913 1380 2819 1089]
C [57848 2007 55598 55765 3886 2088 55061]
G [1186 5607 3780 3536 2625 55922 2314]
T [1887 1733 1754 662 53985 1047 3412]
>MA0830.3 TCF4
A [4168 243 27023 216 356 372 251 1694]
C [5062 28686 635 26765 27724 1016 540 18935]
G [18498 321 1295 1733 1197 679 28432 5281]
T [1737 215 512 751 188 27398 242 3555]
>MA0769.3 TCF7
A [252 246 302 360 266 14577 4421]
C [14379 125 248  62 278  63 855]
G [206  67 266  83 13972 115 1220]
T [157 14556 14178 14489 478 239 8498]
>MA0523.2 TCF7L2
A [3070  85 2795 138 155 4188 4103 4169 303]
C [136 1947  26   0 3304   0  15   0  37]
G [559 2008   0   0 729   0  70  19 3848]
T [423 148 1367 4050   0   0   0   0   0]
>MA0090.4 TEAD1
A [58030 6096 68106 535 4976 1348 702 57190 9124]
C [1248 61276 646 700 622 66953 67635 1729 6215]
G [9179 1923 946 646 1210 765 374 2051 47856]
T [1941 1103 700 68517 63590 1332 1687 9428 7203]
>MA1121.2 TEAD2
A [441  39 517   2  15   8   8]
C [ 17 478   5  10   8 500 513]
G [ 70  14  11   6   9  10   3]
T [ 14  11   9 524 510  24  18]
>MA1122.2 TFDP1
A [263  48  28  14  36  27 1855 1645]
C [684  71 1886  54  80  32  24 170]
G [940 1862  22 1932 1865 1919  98 137]
T [120  26  71   7  26  29  30  55]
>MA1970.2 TRPS1
A [1359 941 645 874 17440 312 252 2790]
C [2547 14262 560 462 215 265 17146 792]
G [1749 1426 320 449 329 179 263 716]
T [12628 1654 16758 16498 299 17527 622 13985]
>MA1123.3 TWIST1
A [3733 377 26713 440 24524 357 380 1801]
C [20412 26665 136 1320 1687 456 396 2919]
G [2336 117 210 24166 908 288 25975 4069]
T [852 174 274 1407 214 26232 582 18544]
>MA0093.4 USF1
A [7574 3841 533 53654 418 3453 448 403 45587 1845]
C [3030 9543 53536 654 13185 1387 264 817 3045 41450]
G [43094 3912 766 477 3666 50076 601 53634 4679 3018]
T [1636 38038 499 549 38065 418 54021 480 2023 9021]
>MA0526.5 USF2
A [7043 450   0 18731   0  41  10  15 16175  33]
C [583 2548 18731   6 18731   0   4   9 162 11694]
G [11688 160   6   4   9 18731  12 18731 2556 574]
T [ 46 16183   7   5  39   0 18731   0 440 7037]
>MA1578.2 VEZF1
A [ 71   1   4   2   6  10]
C [790 997 995 997 989 977]
G [137   0   0   0   0   3]
T [  0   0   0   0   4   8]
>MA0844.2 XBP1
A [974 3699 167 7840   9  52   0 380 8004 230 989]
C [367 3809 7169  17 7356   0  16 7264  48 2273 6313]
G [9168  59 222 276   2 11353   8  47 173 3157 1217]
T [2321 247 442 118  10  10 9107  35  92 6389 1250]
>MA1649.2 ZBTB12
A [144 130 1841  86 4475 4508  51]
C [4377 216  73  80 114  65 4511]
G [175 190 2797 4478 106 103  50]
T [ 71 4231  56 123  72  91 155]
>MA0103.4 ZEB1
A [114 19905  32 193   4 441]
C [19195   0 19878 19257 501 178]
G [158 223  97 649 355 19381]
T [662   1 122  30 19269 129]
>MA1585.2 ZKSCAN1
A [4633 187 6054  18   0 6079  12  13 605]
C [456 2268  53   5   0  48 101  12 1303]
G [584 364  20 6092   0   0 5980 6075 750]
T [454 3308   0  12 6127   0  34  27 3469]
>MA1973.2 ZKSCAN3
A [ 23  17  36 188   6   0   5   2 197   3  36   0   1 136]
C [149 152 115   2   1   5 183   6   3   6 168 193 192  24]
G [ 17  15  38  19 201 203   4   2   8 188   4   1   2  16]
T [ 21  26  21   1   2   2  18 200   2  13   2  16  15  34]
>MA2124.1 Hmga1
A [25051 820 1034 695 651 770 24433 9680]
C [ 71 393 200 194 264 409 473 2348]
G [188 421 303 138 237 294 358 2438]
T [496 24172 24269 24779 24654 24333 542 11340]
>MA0854.2 Alx1
A [  5   1  98  98   1   0  92  53]
C [ 40   7   0   0   1   1   0   2]
G [  2   0   1   1   0   0   7  40]
T [ 53  92   0   1  98  98   1   5]
>MA0853.2 Alx4
A [ 16  10  19  40   2   1  99  98   1   0  92  62]
C [ 59  24  44  15  34   8   1   0   1   1   0   1]
G [ 15  56  16  29   1   0   1   1   0   1   8  34]
T [ 11  10  21  16  62  92   0   1  98  99   1   2]
>MA0768.3 Lef1
A [ 73  26  12  19  18  73 987 130]
C [788 989  19  47  18  75  28  28]
G [130  21  14  39  15 882  25  51]
T [ 90  45 1036 976 1030  51  41 872]
>MA0659.4 Mafg
A [1157 8434 582 416 18141 831 804 695 18664 273 516 12447]
C [2388 9862 928 397 410 15032 387 18563 173 222 18113 1934]
G [15608 1015 361 18551 1193 3504 282 449 622 18733 878 2413]
T [965 807 18247 754 374 751 18645 411 659 890 611 3324]
>MA0029.2 Mecom
A [ 20   0  27   1  27  26   0  27   0  24  23]
C [  1   1   0  10   0   0   0   0   3   1   0]
G [  2  25   0   0   0   1  27   0   0   0   4]
T [  4   1   0  16   0   0   0   0  24   2   0]
>MA0606.3 Nfat5
A [279  35  13  16 328 336 334 315]
C [ 17  10   0   8   8   1   4   8]
G [ 47   9 332 325  15  10   8  19]
T [ 13 302  11   7   5   9  10  14]
>MA0677.2 Nr2f6
A [216  10  11   6  11 454 425 450   2   4   2   1 449]
C [ 11   7   8  18 523   6  11   2   2   1  10 614   7]
G [158 312 305  25  18   8  42  35 320 314  15  21  44]
T [  6  21  24 385  56   8  35   0   5  16 419  59   7]
>MA0506.3 Nrf1
A [1289 744 445 408 286 147 4332 128  68 131 274 426]
C [7208 1831 339 11783 193 11838 5475 577 251 12143 576 8461]
G [3330 864 11841 343 12026 510 2514 446 12324 201 11169 1008]
T [902 9290 104 195 224 234 408 11578  86 254 710 2834]
>MA1647.3 Prdm4
A [220  33  21 202  30 1155 1140 1161  16 223 170]
C [745 1098  40  37   4  12  10   6 1147 434 184]
G [ 76  14  13 203 1141   7  27   9   8  39 715]
T [140  36 1107 739   6   7   4   5  10 485 112]
>MA0859.2 Rarg
A [12548 7220   3   0  20   3 8844 9169 8864 9211   1   0   6   0 9147]
C [1655 147   0   3  35 12653   2  49  13   4   1   2  40 11730   4]
G [11289 3074 12765 11969  64  38  15 114 618 394 13267 9298  51  67  82]
T [1309   5   0 1826 10030  79   0 257 353   0   3 2628 9774 105   1]
>MA1153.2 Smad4
A [ 88   0   0   0   0 596   0]
C [250   0   0 1000   0   0   0]
G [ 81 1000   0   0   0 404 1000]
T [581   0 1000   0 1000   0   0]
>MA0869.3 Sox11
A [1014 7912 9856 119 10020 9676 9276 506]
C [764 766 100 9471 108 264  61 148]
G [8063 1298 211 501  49 248 233 9486]
T [407 272  81 157  71  60 678 108]
>MA0521.3 Tcf12
A [367 72283 836 1565 341 549]
C [72674 739 1814 69780 632 402]
G [404 632 69780 1814 738 72670]
T [550 341 1565 836 72284 374]
>MA0633.3 Twist2
A [ 15 48915   9  21   0  60]
C [49473 345  16 49583 369  81]
G [ 81 369 49583  16 342 49473]
T [ 60   0  21   9 48918  15]
>MA0095.4 Yy1
A [3123 41529 39666 30769 41506 689 561 1597]
C [33122 926 1447 2536 746 241 165 971]
G [3684 287 1320 8658 712 708 42263 39612]
T [3419 606 915 1385 384 41710 359 1168]
>MA0108.3 TBP
A [ 16 352   3 354 268 360 222]
C [ 46   0  10   0   0   3   2]
G [ 18   2   2   5   0  20  44]
T [309  35 374  30 121   6 121]
